HYCOMGLB-05.json
{"header": {"discipline":10,"disciplineName":"Oceanographic products","gribEdition":2,"gribLength":237211,"center":7,"centerName":"US National Weather Service - NCEP(WMC)","subcenter":0,"refTime":"2020-11-17T00:00:00.000Z","significanceOfRT":1,"significanceOfRTName":"Start of forecast","productStatus":0,"productStatusName":"Operational products","productType":1,"productTypeName":"Forecast products","productDefinitionTemplate":0,"productDefinitionTemplateName":"Analysis/forecast at horizontal level/layer at a point in time","parameterCategory":1,"parameterCategoryName":"Currents","parameterNumber":3,"parameterNumberName":"V_component_of_current","parameterUnit":"m.s-1","genProcessType":2,"genProcessTypeName":"Forecast","forecastTime":0,"surface1Type":1,"surface1TypeName":"Ground or water surface","surface1Value":0.0,"surface2Type":255,"surface2TypeName":"Missing","surface2Value":-9.999E-252,"gridDefinitionTemplate":0,"gridDefinitionTemplateName":"Latitude_Longitude","numberPoints":222480,"shape":6,"shapeName":"Earth spherical with radius of 6,371,229.0 m","gridUnits":"degrees","resolution":48,"winds":"true","scanMode":0,"nx":720,"ny":309,"basicAngle":0,"lo1":180.5,"la1":77.0,"lo2":180.0,"la2":-77.0,"dx":0.5,"dy":0.5}, "data":
[rows 0 to 26 of 309, columns 0 to 60 of 720]
-0.005625725,-0.005625725,-0.005625725,-0.005625725,-0.005625725,-0.005625725,-0.005625725,-0.005625725,-0.005625725,-0.005625725,-0.005625725,-0.005625725,-0.005625725,-0.005625725,-0.005625725,-0.005625725,-0.005625725,-0.005625725,-0.005625725,-0.005625725,-0.005625725,0.009999275,-0.005625725,0.009999275,0.009999275,0.009999275,0.009999275,0.009999275,0.009999275,0.009999275,-0.005625725,-0.005625725,-0.005625725,-0.005625725,-0.005625725,-0.005625725,-0.005625725,-0.005625725,-0.005625725,-0.005625725,0.009999275,0.009999275,0.009999275,0.025624275,0.025624275,0.009999275,0.009999275,0.009999275,0.009999275,0.009999275,-0.005625725,-0.005625725,-0.005625725,-0.005625725,-0.005625725,-0.005625725,-0.005625725,-0.021250725,-0.021250725,-0.021250725,-0.021250725
0.009999275,0.009999275,0.009999275,0.009999275,-0.005625725,-0.005625725,-0.005625725,-0.005625725,-0.005625725,-0.005625725,-0.005625725,-0.021250725,-0.021250725,-0.021250725,-0.021250725,-0.036875725,-0.036875725,-0.005625725,-0.005625725,-0.005625725,0.009999275,0.009999275,0.009999275,0.025624275,0.041249275,0.041249275,0.041249275,0.041249275,0.041249275,0.025624275,0.025624275,0.009999275,-0.005625725,0.009999275,0.009999275,0.009999275,0.009999275,0.009999275,0.025624275,0.025624275,0.025624275,0.025624275,0.009999275,0.009999275,0.009999275,0.009999275,-0.005625725,-0.005625725,-0.005625725,0.009999275,0.009999275,0.009999275,0.009999275,0.009999275,-0.005625725,-0.005625725,-0.005625725,-0.005625725,-0.005625725,-0.005625725,-0.005625725
0.025624275,0.025624275,0.025624275,0.025624275,0.009999275,0.009999275,-0.005625725,-0.005625725,-0.005625725,-0.005625725,-0.021250725,-0.021250725,-0.005625725,-0.021250725,-0.036875725,-0.036875725,-0.005625725,0.009999275,0.025624275,0.025624275,0.025624275,0.041249275,0.041249275,0.025624275,0.009999275,0.009999275,0.025624275,0.025624275,0.025624275,0.025624275,0.025624275,0.025624275,0.009999275,-0.005625725,-0.005625725,0.009999275,0.009999275,0.025624275,0.025624275,0.041249275,0.041249275,0.025624275,0.009999275,0.009999275,0.025624275,0.025624275,0.025624275,0.025624275,0.009999275,0.025624275,0.025624275,0.025624275,0.025624275,0.025624275,0.025624275,0.009999275,0.009999275,-0.005625725,-0.005625725,-0.005625725,-0.005625725
0.025624275,0.025624275,0.025624275,0.025624275,0.025624275,0.025624275,0.009999275,-0.005625725,-0.005625725,0.009999275,-0.005625725,0.009999275,0.009999275,-0.005625725,-0.005625725,0.009999275,0.025624275,0.025624275,0.025624275,0.056874275,0.056874275,0.041249275,0.025624275,0.025624275,0.009999275,-0.005625725,0.009999275,0.025624275,0.025624275,0.025624275,0.009999275,-0.005625725,-0.005625725,-0.005625725,-0.005625725,-0.005625725,-0.005625725,0.025624275,0.025624275,0.056874275,0.056874275,0.056874275,0.056874275,0.056874275,0.056874275,0.056874275,0.056874275,0.056874275,0.056874275,0.056874275,0.056874275,0.056874275,0.041249275,0.025624275,0.025624275,0.025624275,0.009999275,0.009999275,0.009999275,-0.005625725,-0.005625725
0.041249275,0.025624275,0.025624275,0.025624275,0.025624275,0.025624275,0.025624275,0.025624275,0.041249275,0.025624275,0.025624275,0.025624275,0.025624275,0.025624275,0.025624275,0.025624275,0.025624275,0.025624275,0.041249275,0.041249275,0.041249275,0.041249275,0.041249275,0.025624275,0.025624275,0.025624275,0.025624275,0.025624275,0.025624275,0.025624275,0.025624275,0.025624275,0.025624275,0.025624275,0.025624275,0.025624275,0.025624275,0.025624275,0.025624275,0.041249275,0.056874275,0.072499275,0.056874275,0.056874275,0.072499275,0.072499275,0.088124275,0.072499275,0.072499275,0.072499275,0.072499275,0.072499275,0.072499275,0.056874275,0.041249275,0.041249275,0.041249275,0.025624275,0.009999275,0.009999275,-0.005625725
0.025624275,0.025624275,0.025624275,0.025624275,0.025624275,0.025624275,0.025624275,0.041249275,0.041249275,0.041249275,0.041249275,0.041249275,0.041249275,0.041249275,0.041249275,0.025624275,0.025624275,0.025624275,0.025624275,0.025624275,0.025624275,0.025624275,0.025624275,0.025624275,0.025624275,0.025624275,0.025624275,0.025624275,0.025624275,0.041249275,0.025624275,0.025624275,0.025624275,0.025624275,0.025624275,0.025624275,0.025624275,0.056874275,0.072499275,0.072499275,0.088124275,0.088124275,0.088124275,0.088124275,0.088124275,0.088124275,0.072499275,0.072499275,0.072499275,0.088124275,0.072499275,0.072499275,0.072499275,0.056874275,0.056874275,0.056874275,0.056874275,0.056874275,0.041249275,0.025624275,0.025624275
0.025624275,0.025624275,0.025624275,0.025624275,0.041249275,0.041249275,0.025624275,0.025624275,0.041249275,0.041249275,0.041249275,0.041249275,0.025624275,0.025624275,0.025624275,0.025624275,0.009999275,0.009999275,0.025624275,0.009999275,0.009999275,0.009999275,0.009999275,-0.005625725,-0.005625725,0.009999275,0.025624275,0.025624275,0.025624275,0.025624275,0.041249275,0.041249275,0.041249275,0.041249275,0.041249275,0.041249275,0.056874275,0.072499275,0.072499275,0.072499275,0.072499275,0.072499275,0.072499275,0.072499275,0.088124275,0.088124275,0.088124275,0.088124275,0.088124275,0.072499275,0.072499275,0.072499275,0.072499275,0.072499275,0.056874275,0.056874275,0.056874275,0.041249275,0.041249275,0.025624275,0.025624275
0.025624275,0.025624275,0.025624275,0.041249275,0.025624275,0.025624275,0.025624275,0.009999275,-0.005625725,-0.005625725,-0.005625725,0.025624275,0.009999275,0.009999275,-0.005625725,0.009999275,0.025624275,0.009999275,-0.005625725,-0.021250725,-0.021250725,-0.005625725,-0.021250725,-0.021250725,-0.005625725,0.056874275,0.056874275,0.041249275,0.041249275,0.025624275,0.041249275,0.041249275,0.056874275,0.056874275,0.056874275,0.041249275,0.041249275,0.056874275,0.072499275,0.072499275,0.056874275,0.056874275,0.056874275,0.056874275,0.056874275,0.056874275,0.056874275,0.056874275,0.041249275,0.041249275,0.041249275,0.056874275,0.056874275,0.072499275,0.072499275,0.056874275,0.056874275,0.041249275,0.025624275,0.025624275,0.025624275
0.009999275,-0.005625725,-0.005625725,-0.005625725,-0.005625725,-0.005625725,-0.036875725,-0.083750725,-0.052500725,-0.021250725,-0.099375725,0.009999275,0.025624275,-0.005625725,-0.099375725,-0.115000725,0.056874275,0.041249275,-0.036875725,-0.22437572,-0.14625072,-0.021250725,0.025624275,0.025624275,0.009999275,0.009999275,-0.005625725,-0.005625725,-0.036875725,-0.036875725,-0.005625725,0.009999275,-0.005625725,0.025624275,-0.005625725,0.009999275,0.041249275,0.056874275,0.056874275,0.041249275,0.041249275,-0.005625725,-0.005625725,-0.005625725,-0.005625725,0.009999275,0.025624275,0.056874275,0.056874275,0.056874275,0.025624275,0.025624275,0.056874275,0.056874275,0.072499275,0.072499275,0.056874275,0.056874275,0.025624275,0.025624275,0.025624275
-0.005625725,-0.005625725,-0.005625725,-0.021250725,-0.052500725,-0.052500725,-0.083750725,-0.19312572,-0.005625725,-0.052500725,-0.115000725,-0.036875725,-0.036875725,-0.083750725,-0.052500725,-0.068125725,0.025624275,-0.036875725,-0.036875725,-0.036875725,-0.052500725,-0.005625725,0.009999275,-0.005625725,0.009999275,-0.005625725,-0.005625725,-0.005625725,0.009999275,0.025624275,0.009999275,0.025624275,0.025624275,0.025624275,0.009999275,0.041249275,0.041249275,0.025624275,-0.021250725,-0.021250725,-0.021250725,-0.052500725,-0.052500725,-0.005625725,-0.036875725,-0.036875725,-0.021250725,-0.021250725,-0.005625725,0.009999275,0.025624275,0.025624275,0.041249275,0.056874275,0.056874275,0.056874275,0.041249275,0.041249275,0.041249275,0.056874275,0.041249275
-0.036875725,-0.021250725,-0.005625725,-0.036875725,-0.052500725,-0.052500725,-0.083750725,-0.13062572,-0.19312572,-0.17750072,-0.083750725,-0.036875725,-0.036875725,-0.052500725,-0.052500725,-0.052500725,-0.021250725,-0.021250725,-0.036875725,-0.021250725,-0.005625725,-0.052500725,-0.036875725,-0.068125725,0.025624275,0.009999275,0.025624275,0.025624275,0.025624275,0.072499275,0.072499275,0.088124275,0.072499275,0.009999275,0.025624275,0.072499275,0.025624275,-0.005625725,-0.005625725,0.009999275,0.025624275,-0.005625725,-0.052500725,-0.052500725,-0.052500725,-0.052500725,-0.083750725,-0.083750725,-0.083750725,-0.021250725,0.072499275,-0.005625725,-0.052500725,0.025624275,0.041249275,0.056874275,0.056874275,0.041249275,0.056874275,0.056874275,0.056874275
0,0,0,0,-0.005625725,-0.115000725,-0.13062572,-0.14625072,-0.25562572,-0.33375072,-0.13062572,-0.036875725,-0.068125725,-0.036875725,-0.052500725,-0.052500725,-0.036875725,-0.021250725,-0.021250725,-0.021250725,-0.005625725,-0.005625725,0.056874275,0.056874275,0.072499275,0.088124275,0.103749275,0.16624928,0.13499928,0.13499928,0.103749275,0.119374275,0.103749275,0.056874275,0.025624275,0.025624275,0.041249275,0.025624275,0.025624275,-0.005625725,0.041249275,-0.005625725,0.009999275,0.103749275,0.103749275,0.13499928,0.16624928,0.056874275,0.025624275,-0.036875725,0.025624275,-0.052500725,-0.13062572,-0.036875725,-0.052500725,-0.005625725,0.009999275,0.025624275,0.056874275,0.041249275,0.041249275
0,0,0,0,-0.25562572,-0.25562572,-0.17750072,-0.19312572,-0.14625072,-0.16187572,-0.19312572,-0.099375725,-0.052500725,-0.052500725,-0.036875725,-0.005625725,-0.005625725,-0.052500725,-0.005625725,0.041249275,0.072499275,0.088124275,0.15062428,0.18187428,0.16624928,0.18187428,0.19749928,0.18187428,0.18187428,0.21312428,0.19749928,0.22874928,0.19749928,0.16624928,0.13499928,0.13499928,0.16624928,0.13499928,0.13499928,0.16624928,0.19749928,0.103749275,0.025624275,0.119374275,0,0,0,0,0,0,-0.036875725,0.009999275,0.025624275,-0.005625725,-0.036875725,-0.036875725,-0.036875725,-0.036875725,-0.021250725,-0.052500725,-0.068125725
-0.052500725,-0.083750725,-0.083750725,-0.099375725,-0.115000725,-0.14625072,-0.16187572,-0.14625072,-0.083750725,-0.036875725,-0.052500725,-0.068125725,0.056874275,0.103749275,0.072499275,0.041249275,-0.005625725,-0.036875725,-0.036875725,-0.068125725,0.025624275,0.16624928,0.18187428,0.19749928,0.21312428,0.24437428,0.24437428,0.24437428,0.21312428,0.24437428,0.27562428,0.33812428,0.32249928,0.35374928,0.38499928,0.22874928,0.15062428,0.27562428,0.18187428,0,0,0,0,0,0,0,0,0,0,0,0,0,0,0,0,0,0.041249275,0.009999275,0,0.025624275,0
-0.083750725,-0.052500725,-0.052500725,-0.13062572,-0.115000725,-0.083750725,-0.17750072,-0.083750725,-0.083750725,-0.021250725,0.056874275,0.119374275,0.16624928,0.19749928,0.21312428,0.13499928,0.13499928,0.103749275,0.103749275,0.103749275,0.072499275,0.103749275,0.21312428,0.24437428,0.24437428,0.24437428,0.24437428,0.25999928,0.24437428,0.30687428,0.41624928,0.44749928,0.47874928,0.38499928,0,0,0,0,0,0,0,0,0,0,0,0,0,0,0,0,0,0,0,0,0,0,0,0,0,0,0
-0.14625072,-0.083750725,-0.021250725,-0.068125725,-0.068125725,-0.036875725,-0.021250725,0.009999275,0.056874275,0.072499275,0.088124275,0.025624275,0.18187428,0.16624928,0.18187428,0.18187428,0.18187428,0.19749928,0.19749928,0.18187428,0.19749928,0.21312428,0.24437428,0.27562428,0.30687428,0.27562428,0.21312428,0.24437428,0.25999928,0.25999928,0.24437428,0.40062428,0.36937428,0,0,0,0,0,0,0,0,0,0,0,0,0,0,0,0,0,0,0,0,0,0,0,0,0,0,0,0
-0.036875725,-0.021250725,-0.005625725,-0.036875725,0.025624275,0.056874275,0.072499275,0.103749275,0.15062428,0.15062428,0.15062428,0.103749275,0.15062428,0.103749275,0.18187428,0.18187428,0.22874928,0.21312428,0.22874928,0.22874928,0.25999928,0.27562428,0.29124928,0.29124928,0.27562428,0.32249928,0.32249928,0.088124275,0.13499928,0.13499928,0.119374275,0,0,0,0,0,0,0,0,0,0,0,0,0,0,0,0,0,0,0,0,0,0,0,0,0,0,0,0,0,0
0,0,0,0.056874275,0.103749275,0.025624275,0.009999275,0.056874275,0.072499275,0.072499275,0.056874275,0.103749275,0.13499928,0.15062428,0.13499928,0.16624928,0.19749928,0.21312428,0.24437428,0.24437428,0.27562428,0.25999928,0.30687428,0.27562428,0.29124928,0.25999928,0.21312428,0,0,0,0,0,0,0,0,0,0,0,0,0,0,0,0,0,0,0,0,0,0,0,0,0,0,0,0,0,0,0,0,0,0
0,0,0,0,0,0,0,0.072499275,0.056874275,0.072499275,0.103749275,0.13499928,0.16624928,0.16624928,0.18187428,0.19749928,0.19749928,0.18187428,0.15062428,0.19749928,0.16624928,0.19749928,0.24437428,0.27562428,0.24437428,0.30687428,0.27562428,0.21312428,0.088124275,0,0,0,0,0,0,0,0,0,0,0,0,0,0,0,0,0,0,0,0,0,0,0,0,0,0,0,0,0,0,0,0
0,0,0,0,0,0,0,0,0,0,0.103749275,0.119374275,0.13499928,0.16624928,0.16624928,0.13499928,0.16624928,0.21312428,0.18187428,0.16624928,0.119374275,0.088124275,0.15062428,0.22874928,0.36937428,0.32249928,0.19749928,0.24437428,0.41624928,0.29124928,0.27562428,0,0,0,0,0,0,0,0,0,0,0,0,0,0,0,0,0,0,0,0,0,0,0,0,0,0,0,0,0,0
0,0,0,0,0,0,0,0,0,0,0,0,0,0,0,0,0.072499275,0.24437428,0.22874928,0.21312428,0.22874928,0.27562428,0.32249928,0.27562428,0.30687428,0.33812428,0.29124928,0.19749928,0.21312428,0.22874928,0.16624928,0.056874275,0.025624275,0,0,0,0,0,0,0,0,0,0,0,0,0,0,0,0,0,0,0,0,0,0,0,0,0,0,0,0
0,0,0,0,0,0,0,0,0,0,0,0,0,0,0,0,0,0,0.21312428,0.29124928,0.46312428,0.6662493,0.49437428,0.24437428,0.15062428,0.30687428,0.24437428,0.19749928,0.13499928,0,0,0,-0.036875725,-0.068125725,0.025624275,0,0,0,0,0,0,0,0,0,0,0,0,0,0,0,0,0,0,0,0,0,0,0,0,0,0
0.072499275,0.103749275,0,0,0,0,0,0,0,0,0,0,0,0,0,0,0,0,0,0,0.6349993,0.5881243,0.6506243,0.49437428,0.21312428,0,0,0,0,0,0,0,0,0,0,0,0,0,0,0,0,0,0,0,0,0,0,0,0,0,0,0,0,0,0,0,0,0,0,0,0
0,-0.14625072,0,0,0,-0.052500725,-0.052500725,0,0,0,0,0,0,0,0,0,0,0,0.24437428,0.38499928,0.46312428,0.47874928,0.5568743,0.19749928,0,0,0,0,0,0,0,0,0,0,0,0,0,0,0,0,0,0,0,0,0,0,0,0,0,0,0,0,0,0,0,0,0,0,0,0,0
0.072499275,0.025624275,0.041249275,-0.005625725,-0.052500725,0.009999275,0.025624275,-0.021250725,0,0,0,0,0,0,0,0.21312428,0.24437428,0.27562428,0.29124928,0.30687428,0.32249928,0.32249928,0.36937428,0.32249928,0.21312428,0.19749928,0,0,0,0,0,0,0,0,0,0,0,0,0,0,0,0,0,0,0,0,0,0,0,0,0,0,0,0,0,0,0,0,0,0,0
0.041249275,0.025624275,0.056874275,0.119374275,0.056874275,0.041249275,0.009999275,-0.036875725,-0.083750725,0.025624275,-0.005625725,0,0,0,0,0.30687428,0.6037493,0.40062428,0.25999928,0.18187428,0.24437428,0.27562428,0.30687428,0.25999928,0.16624928,0.072499275,-0.005625725,0,0,0,0,0,0,0,0,0.056874275,0,0,0,0,0,0,0,0,0,0,0,0,0,0,0,0,0,0,0,0,0,0,0,0,0
0.056874275,0.103749275,0.041249275,0.072499275,-0.036875725,0.088124275,0.15062428,0.13499928,0.072499275,0.056874275,-0.005625725,-0.021250725,-0.19312572,0.103749275,0.19749928,0.46312428,0.27562428,-0.005625725,-0.036875725,0.072499275,0.15062428,0.16624928,0.24437428,0.21312428,0.15062428,0.13499928,0.103749275,0.025624275,0.009999275,-0.005625725,0.025624275,0.025624275,0.009999275,-0.036875725,0.041249275,0.025624275,-0.005625725,0.025624275,0,0,0,0,0,0,0,0,0,0,0,0,0,0,0,0,0,0,0,0,0,0,0
