HYCOMGLB-05.json
{"header": {"discipline":10,"disciplineName":"Oceanographic products","gribEdition":2,"gribLength":218191,"center":7,"centerName":"US National Weather Service - NCEP(WMC)","subcenter":0,"refTime":"2020-11-17T00:00:00.000Z","significanceOfRT":1,"significanceOfRTName":"Start of forecast","productStatus":0,"productStatusName":"Operational products","productType":1,"productTypeName":"Forecast products","productDefinitionTemplate":0,"productDefinitionTemplateName":"Analysis/forecast at horizontal level/layer at a point in time","parameterCategory":1,"parameterCategoryName":"Currents","parameterNumber":2,"parameterNumberName":"U_component_of_current","parameterUnit":"m.s-1","genProcessType":2,"genProcessTypeName":"Forecast","forecastTime":0,"surface1Type":1,"surface1TypeName":"Ground or water surface","surface1Value":0.0,"surface2Type":255,"surface2TypeName":"Missing","surface2Value":-9.999E-252,"gridDefinitionTemplate":0,"gridDefinitionTemplateName":"Latitude_Longitude","numberPoints":222480,"shape":6,"shapeName":"Earth spherical with radius of 6,371,229.0 m","gridUnits":"degrees","resolution":48,"winds":"true","scanMode":0,"nx":720,"ny":309,"basicAngle":0,"lo1":180.5,"la1":77.0,"lo2":180.0,"la2":-77.0,"dx":0.5,"dy":0.5}, "data":
[rows 0 to 26 of 309, columns 366 to 426 of 720]
0.030624866,0.030624866,0.0149998665,0,0.030624866,0.030624866,0.030624866,0.046249866,0.0149998665,0,-0.047500134,-0.09437513,-0.06312513,0.030624866,0.07749987,0.0149998665,-0.06312513,-0.06312513,0.030624866,-0.06312513,-0.016250134,-0.23500013,-0.32875013,-0.09437513,0,0,0,0,-0.047500134,-0.07875013,-0.17250013,-0.07875013,-0.047500134,-0.047500134,-0.07875013,-0.20375013,-0.20375013,-0.047500134,0.030624866,0,0.030624866,0.07749987,0.21812487,0.20249987,0.20249987,0.17124987,0.10874987,0.10874987,0.09312487,0.07749987,0.046249866,0.0149998665,-0.031875134,-0.031875134,-0.047500134,-0.047500134,-0.06312513,-0.09437513,-0.15687513,-0.12562513,-0.09437513
0.07749987,0.07749987,0.030624866,0,0.046249866,0.030624866,0.0149998665,-0.016250134,0.0149998665,0.046249866,0.07749987,0.09312487,0.046249866,-0.031875134,-0.016250134,-0.09437513,-0.12562513,-0.17250013,-0.26625013,-0.23500013,-0.28187513,-0.32875013,-0.37562513,-0.32875013,-0.50062513,-1.0787501,0,-0.14125013,-0.17250013,-0.17250013,-0.17250013,-0.15687513,-0.15687513,-0.17250013,-0.14125013,-0.15687513,-0.18812513,-0.20375013,-0.17250013,-0.11000013,-0.11000013,-0.14125013,-0.12562513,0,0.061874866,-0.016250134,-0.06312513,-0.07875013,-0.09437513,-0.06312513,0,0.0149998665,-0.047500134,-0.016250134,0.046249866,0.046249866,0.0149998665,0.030624866,0.0149998665,0.030624866,-0.016250134
-0.016250134,-0.031875134,-0.031875134,-0.047500134,-0.047500134,-0.047500134,-0.09437513,-0.14125013,-0.11000013,-0.06312513,-0.031875134,-0.047500134,-0.031875134,-0.031875134,-0.031875134,-0.016250134,0.0149998665,0.046249866,0.061874866,0.030624866,0.030624866,0.0149998665,-0.016250134,-0.11000013,-0.18812513,-0.34437513,-0.40687513,-0.45375013,-0.34437513,-0.18812513,-0.29750013,-0.26625013,-0.21937513,-0.17250013,-0.14125013,-0.14125013,-0.09437513,0,-0.016250134,-0.047500134,0,-0.031875134,-0.09437513,-0.09437513,-0.06312513,0,0.0149998665,0.0149998665,-0.016250134,-0.047500134,-0.06312513,-0.09437513,-0.06312513,-0.047500134,-0.047500134,-0.031875134,-0.016250134,-0.047500134,-0.047500134,0,0.046249866
-0.12562513,-0.07875013,-0.06312513,-0.07875013,-0.07875013,-0.11000013,-0.12562513,-0.11000013,-0.06312513,-0.06312513,-0.047500134,-0.047500134,-0.031875134,-0.047500134,-0.06312513,-0.047500134,-0.047500134,-0.06312513,-0.07875013,-0.09437513,-0.12562513,-0.09437513,-0.031875134,-0.031875134,-0.016250134,-0.047500134,-0.09437513,-0.17250013,-0.17250013,-0.21937513,-0.23500013,-0.28187513,-0.26625013,-0.20375013,-0.20375013,-0.17250013,-0.17250013,-0.11000013,-0.09437513,-0.11000013,-0.07875013,-0.09437513,-0.07875013,-0.047500134,-0.06312513,-0.06312513,-0.07875013,-0.12562513,-0.07875013,-0.09437513,-0.12562513,-0.06312513,-0.15687513,-0.17250013,-0.12562513,-0.09437513,-0.11000013,-0.09437513,-0.07875013,-0.06312513,-0.06312513
-0.15687513,-0.18812513,-0.17250013,-0.15687513,-0.11000013,-0.12562513,-0.12562513,-0.09437513,-0.06312513,-0.09437513,-0.12562513,-0.09437513,-0.09437513,-0.09437513,-0.09437513,-0.12562513,-0.11000013,-0.11000013,-0.09437513,-0.09437513,-0.15687513,-0.15687513,-0.17250013,-0.21937513,-0.17250013,-0.12562513,-0.09437513,-0.11000013,-0.12562513,-0.12562513,-0.34437513,-0.37562513,-0.39125013,-0.29750013,-0.18812513,-0.17250013,-0.18812513,-0.20375013,-0.20375013,-0.17250013,-0.14125013,-0.12562513,-0.09437513,-0.06312513,-0.047500134,-0.031875134,-0.047500134,-0.17250013,-0.21937513,-0.23500013,-0.23500013,-0.20375013,-0.20375013,-0.17250013,-0.15687513,-0.12562513,-0.15687513,-0.17250013,-0.15687513,-0.14125013,-0.18812513
-0.17250013,-0.20375013,-0.23500013,-0.15687513,-0.14125013,-0.17250013,-0.18812513,-0.11000013,-0.09437513,-0.12562513,-0.17250013,-0.18812513,-0.17250013,-0.18812513,-0.15687513,-0.14125013,-0.11000013,-0.09437513,-0.07875013,-0.12562513,-0.14125013,-0.15687513,-0.14125013,-0.09437513,-0.12562513,-0.14125013,0.046249866,0.061874866,0.046249866,0.10874987,0.09312487,0,0.07749987,-0.047500134,-0.09437513,-0.17250013,-0.047500134,-0.047500134,-0.09437513,-0.11000013,-0.07875013,-0.06312513,-0.047500134,-0.047500134,-0.15687513,-0.17250013,-0.15687513,-0.15687513,-0.15687513,-0.14125013,-0.15687513,-0.17250013,-0.12562513,-0.12562513,-0.12562513,-0.12562513,-0.15687513,-0.12562513,-0.12562513,-0.15687513,-0.14125013
-0.18812513,-0.12562513,-0.11000013,-0.12562513,-0.15687513,-0.11000013,-0.12562513,-0.21937513,-0.23500013,-0.23500013,-0.21937513,-0.20375013,-0.17250013,-0.17250013,-0.21937513,-0.21937513,-0.20375013,-0.17250013,-0.17250013,-0.15687513,-0.11000013,-0.14125013,-0.17250013,-0.06312513,-0.031875134,-0.016250134,-0.06312513,-0.016250134,-0.016250134,-0.031875134,-0.047500134,-0.09437513,-0.06312513,-0.06312513,-0.047500134,-0.031875134,-0.14125013,-0.11000013,-0.11000013,-0.09437513,-0.15687513,-0.15687513,-0.20375013,-0.12562513,-0.09437513,-0.12562513,-0.11000013,-0.12562513,-0.14125013,-0.18812513,-0.12562513,-0.12562513,-0.11000013,-0.12562513,-0.14125013,-0.12562513,-0.12562513,-0.15687513,-0.12562513,-0.06312513,-0.06312513
-0.15687513,-0.15687513,-0.17250013,-0.20375013,-0.15687513,-0.14125013,-0.17250013,-0.09437513,-0.047500134,-0.12562513,-0.18812513,-0.21937513,-0.26625013,-0.26625013,-0.26625013,-0.21937513,-0.23500013,-0.23500013,-0.15687513,-0.12562513,-0.18812513,-0.26625013,-0.15687513,-0.09437513,-0.12562513,-0.11000013,-0.21937513,-0.29750013,-0.28187513,-0.23500013,-0.18812513,-0.15687513,-0.12562513,-0.12562513,-0.11000013,-0.07875013,-0.12562513,-0.09437513,-0.14125013,-0.20375013,-0.21937513,-0.23500013,-0.23500013,-0.15687513,-0.09437513,-0.06312513,-0.09437513,-0.11000013,-0.12562513,-0.11000013,-0.06312513,-0.047500134,-0.06312513,-0.047500134,-0.047500134,-0.047500134,-0.06312513,-0.06312513,-0.06312513,-0.047500134,-0.031875134
-0.23500013,-0.21937513,-0.20375013,-0.18812513,-0.15687513,-0.09437513,-0.12562513,-0.17250013,-0.23500013,-0.25062513,-0.23500013,-0.26625013,-0.25062513,-0.23500013,-0.15687513,-0.18812513,-0.20375013,-0.23500013,-0.21937513,-0.20375013,-0.23500013,-0.18812513,-0.11000013,-0.06312513,-0.12562513,-0.07875013,0,0,-0.031875134,-0.047500134,-0.06312513,-0.12562513,-0.15687513,-0.17250013,-0.17250013,-0.15687513,-0.12562513,-0.11000013,-0.12562513,-0.11000013,-0.11000013,-0.15687513,-0.07875013,-0.07875013,-0.06312513,-0.06312513,-0.09437513,-0.12562513,-0.12562513,-0.14125013,-0.17250013,-0.18812513,-0.17250013,-0.14125013,-0.14125013,-0.12562513,-0.11000013,-0.15687513,-0.20375013,-0.17250013,-0.09437513
-0.17250013,-0.14125013,-0.15687513,-0.15687513,-0.11000013,-0.23500013,-0.29750013,-0.20375013,-0.15687513,-0.12562513,-0.11000013,-0.14125013,-0.17250013,-0.23500013,-0.29750013,-0.32875013,-0.29750013,-0.26625013,-0.21937513,-0.20375013,-0.18812513,-0.23500013,-0.21937513,-0.20375013,-0.20375013,-0.14125013,-0.14125013,-0.15687513,-0.17250013,-0.15687513,-0.12562513,-0.09437513,-0.07875013,-0.06312513,-0.09437513,-0.047500134,-0.031875134,-0.06312513,-0.07875013,-0.047500134,-0.016250134,-0.016250134,-0.07875013,-0.14125013,-0.17250013,-0.15687513,-0.15687513,-0.17250013,-0.15687513,-0.15687513,-0.12562513,-0.12562513,-0.17250013,-0.12562513,-0.12562513,-0.047500134,-0.047500134,-0.06312513,-0.06312513,-0.031875134,-0.031875134
-0.29750013,-0.32875013,-0.34437513,-0.32875013,-0.26625013,-0.26625013,-0.25062513,-0.29750013,-0.29750013,-0.28187513,-0.31312513,-0.29750013,-0.25062513,-0.28187513,-0.31312513,-0.31312513,-0.17250013,-0.11000013,-0.15687513,-0.17250013,-0.29750013,-0.26625013,-0.21937513,-0.31312513,-0.23500013,-0.18812513,-0.14125013,-0.07875013,-0.06312513,-0.14125013,-0.07875013,0,-0.031875134,-0.07875013,-0.12562513,-0.09437513,-0.12562513,-0.11000013,-0.09437513,-0.07875013,-0.06312513,-0.09437513,-0.09437513,-0.09437513,-0.17250013,-0.17250013,-0.12562513,-0.06312513,-0.09437513,-0.14125013,-0.15687513,-0.17250013,-0.14125013,-0.14125013,-0.11000013,-0.09437513,-0.11000013,-0.07875013,-0.06312513,-0.12562513,-0.14125013
-0.23500013,-0.29750013,-0.32875013,-0.26625013,-0.26625013,-0.28187513,-0.28187513,-0.34437513,-0.31312513,-0.34437513,-0.37562513,-0.34437513,-0.31312513,-0.29750013,-0.25062513,-0.20375013,-0.14125013,-0.12562513,-0.15687513,-0.12562513,-0.11000013,-0.06312513,-0.07875013,-0.12562513,-0.17250013,-0.20375013,-0.12562513,0.0149998665,0.12437487,0.18687487,0.15562487,0.12437487,0.12437487,0.09312487,0.09312487,0.030624866,0.07749987,0.046249866,0,-0.031875134,-0.12562513,-0.14125013,0.12437487,0.046249866,-0.031875134,0.32749987,0.23374987,-0.06312513,-0.15687513,-0.07875013,-0.031875134,-0.016250134,-0.016250134,-0.016250134,-0.031875134,-0.047500134,-0.06312513,-0.047500134,-0.047500134,-0.06312513,-0.047500134
-0.29750013,-0.37562513,-0.36000013,-0.37562513,-0.34437513,-0.31312513,-0.36000013,-0.34437513,-0.29750013,-0.25062513,-0.23500013,-0.12562513,-0.11000013,-0.15687513,-0.14125013,-0.09437513,-0.06312513,-0.06312513,0,0,-0.047500134,-0.047500134,0.0149998665,0,0.09312487,0.13999987,0.07749987,0,0.13999987,0.29624987,0.12437487,0.23374987,0.31187487,0.32749987,0.18687487,0.20249987,0.29624987,0.29624987,0.57749987,0.48374987,0.35874987,0,0,0,0,0,0.09312487,0.10874987,0,0,0,0.37437487,0.29624987,0.26499987,0.09312487,0.09312487,0.10874987,0.13999987,0.17124987,0.20249987,0.20249987
-0.36000013,-0.40687513,-0.39125013,-0.34437513,-0.26625013,-0.15687513,-0.06312513,-0.031875134,0,0.09312487,0.15562487,0.15562487,0.18687487,0.17124987,0.15562487,0.09312487,0.046249866,0.0149998665,0.07749987,0.09312487,0.18687487,0.12437487,0.07749987,0.09312487,0.09312487,0.10874987,0.26499987,0.26499987,0.56187487,0.49937487,0.49937487,0.73374987,0.43687487,0.35874987,0.34312487,0.13999987,0.0149998665,0.046249866,0,0,0,0,0,0,0,0,0,0,0,0,0,0,0,0,0,0.07749987,0.28062487,0.21812487,0.15562487,0.046249866,0.061874866
-0.20375013,-0.15687513,-0.09437513,-0.09437513,-0.031875134,0.030624866,0.046249866,0.09312487,0.18687487,0.23374987,0.15562487,0.15562487,0.18687487,0.17124987,0.17124987,0.17124987,0.15562487,0.15562487,0.20249987,0.10874987,0.10874987,0.18687487,0.20249987,0.07749987,0.061874866,0.21812487,0.20249987,0.23374987,0.29624987,0.15562487,0.046249866,0,0,0,0,0,0,0,0,0,0,0,0,0,0,0,0,0,0,0,0,0,0,0.26499987,0.34312487,0.40562487,0.37437487,0,0.12437487,-0.047500134,-0.031875134
0.030624866,0.030624866,0.0149998665,0.046249866,0.046249866,0.12437487,0.17124987,0.20249987,0.26499987,0.26499987,0.23374987,0.23374987,0.21812487,0.21812487,0.17124987,0.0149998665,0.15562487,0.09312487,-0.016250134,0.07749987,0.13999987,0.23374987,0.23374987,0.29624987,0.43687487,0.29624987,0.046249866,0.046249866,0,0,0,0,0,0,0,0,0,0,0,0,0,0,0,0,0,0,0,0,0,0,0,0,0,0,0,0,0,0,0,0,0.15562487
0.13999987,0.046249866,0.046249866,0.12437487,0.18687487,0.17124987,0.15562487,0.061874866,0.061874866,0.12437487,0.15562487,0.09312487,0.10874987,0.07749987,0.17124987,0.12437487,0.18687487,0.18687487,0.21812487,0.29624987,0.37437487,0.38999987,0.29624987,0,0,0,0,0,0,0,0,0,0,0,0,0,0,0,0,0,0,0,0,0,0,0,0,0,0,0,0,0,0,0,0,0,0,0,0,0,0
0.046249866,0.046249866,0.0149998665,0.046249866,-0.016250134,-0.09437513,-0.031875134,-0.11000013,-0.047500134,-0.06312513,-0.016250134,0.10874987,0.09312487,0.12437487,0.12437487,0.17124987,0.15562487,-0.047500134,0.20249987,0.15562487,0.21812487,0.09312487,-0.016250134,0,0,0,0,0,0,0,0,0,0,0,0,0,0,0,0,0,0,0,0,0,0,0,0,0,0,0,0,0,0,0,0,0,0,0,0,0,0
-0.047500134,0,-0.016250134,0.030624866,0.046249866,0.07749987,0.046249866,-0.14125013,-0.047500134,-0.047500134,0.0149998665,0.046249866,0.061874866,0.10874987,0.030624866,0,-0.031875134,0.030624866,0.09312487,0,-0.06312513,-0.15687513,-0.047500134,0,0,0,0,0,0,0,0,0,0,0,0,0,0,0,0,0,0,0,0,0,0,0,0,0,0,0,0,0,0,0,0,0,0,0,0,0,0
0.18687487,0.17124987,0.12437487,0.17124987,0.18687487,0.15562487,0.12437487,0.046249866,0.030624866,0.046249866,0.12437487,0.17124987,0.09312487,0.0149998665,-0.047500134,0.13999987,0.23374987,0.24937487,0.0149998665,-0.047500134,0.07749987,0,0.0149998665,0,0,0,0,0,0,0,0,0,0,0,0,0,0,0,0,0,0,0,0,0,0,0,0,0,0,0,0,0,0,0,0,0,0,0,0,0,0
0.20249987,0.20249987,0.20249987,0.17124987,0.15562487,0.10874987,0.09312487,0.09312487,0.13999987,0.21812487,0.17124987,0.09312487,-0.031875134,-0.047500134,-0.15687513,-0.15687513,-0.07875013,0.12437487,0.12437487,0.15562487,0,0,0,0,0,0,0,0,0,0,0,0,0,0,0,0,0,0,0,0,0,0,0,0,0,0,0,0,0,0,0,0,0,0,0,0,0,0,0,0,0
0.17124987,0.18687487,0.17124987,0.23374987,0.28062487,0.20249987,0.23374987,0.17124987,0.15562487,0.061874866,0.09312487,0.10874987,0.13999987,0.18687487,0.15562487,0.15562487,0.18687487,-0.031875134,0,0,0,0,0,0,0,0,0,0,0,0,0,0,0,0,0,0,0,0,0,0,0,0,0,0,0,0,0,0,0,0,0,0,0,0,0,0,0,0,0,0,0
0.34312487,0.32749987,0.29624987,0.31187487,0.31187487,0.34312487,0.23374987,0.18687487,0.21812487,0.18687487,0.09312487,0.15562487,0.20249987,0.24937487,0.20249987,0.12437487,0.15562487,0,0,0,0,0,0,0,0,0,0,0,0,0,0,0,0,0,0,0,0,0,0,0,0,0,0,0,0,0,0,0,0,0,0,0,0,0,0,0,0,0,0,0,0
0.15562487,0.20249987,0.28062487,0.26499987,0.21812487,0.32749987,0.18687487,0.28062487,0.28062487,0.18687487,0.15562487,0.18687487,0.26499987,0.32749987,0.26499987,0.20249987,-0.12562513,-0.047500134,0,0,0,0,0,0,0,0,0,0,0,0,0,0,0,0,0,0,0,0,0,-0.15687513,-0.28187513,-0.23500013,-0.11000013,0.0149998665,0,0,0,0,0,0,0,0,0,0,0,0,0,0,0,0,0
0.24937487,0.23374987,0.23374987,0.21812487,0.26499987,0.31187487,0.26499987,0.15562487,0.20249987,0.21812487,0.15562487,0.21812487,0.24937487,0.18687487,0.17124987,0,0,0,0,0,0,0,0,0,0,0,0,0,0,0,0,0,0,0,0,0,0,0.09312487,-0.016250134,0.030624866,0.061874866,0.030624866,0,0,0,0,0,0,0,0,0,0,0,0,0,0,0,0,0,0,0
0.09312487,0.10874987,0.12437487,0.18687487,0.23374987,0.21812487,0.07749987,0.10874987,0.13999987,0.20249987,0.26499987,0.34312487,0.13999987,0.15562487,0.07749987,0,0,0,0,0,0,0,0,0,0,0,0,0,0,0,0,0,0,0,0,0,0,0.046249866,-0.016250134,0.046249866,0.12437487,0.046249866,0,0,0,0,0,0,0,0,0,0,0,0,0,0,0,0,0,0,0
0.030624866,0.046249866,0.13999987,0.12437487,0.18687487,0.29624987,0.29624987,0.35874987,0.34312487,0.34312487,0.46812487,-0.016250134,0.09312487,0,0,0,0,0,0,0,0,0,0,0,0,0,0,0,0,0,0,0,0,0,0,0.030624866,0,-0.031875134,-0.031875134,0,0,0,0,0,0,0,0,0,0,0,0,0,0,0,0,0,0,0,0,0,0
