HYCOMGLB-05.json
{"header": {"discipline":10,"disciplineName":"Oceanographic products","gribEdition":2,"gribLength":237211,"center":7,"centerName":"US National Weather Service - NCEP(WMC)","subcenter":0,"refTime":"2020-11-17T00:00:00.000Z","significanceOfRT":1,"significanceOfRTName":"Start of forecast","productStatus":0,"productStatusName":"Operational products","productType":1,"productTypeName":"Forecast products","productDefinitionTemplate":0,"productDefinitionTemplateName":"Analysis/forecast at horizontal level/layer at a point in time","parameterCategory":1,"parameterCategoryName":"Currents","parameterNumber":3,"parameterNumberName":"V_component_of_current","parameterUnit":"m.s-1","genProcessType":2,"genProcessTypeName":"Forecast","forecastTime":0,"surface1Type":1,"surface1TypeName":"Ground or water surface","surface1Value":0.0,"surface2Type":255,"surface2TypeName":"Missing","surface2Value":-9.999E-252,"gridDefinitionTemplate":0,"gridDefinitionTemplateName":"Latitude_Longitude","numberPoints":222480,"shape":6,"shapeName":"Earth spherical with radius of 6,371,229.0 m","gridUnits":"degrees","resolution":48,"winds":"true","scanMode":0,"nx":720,"ny":309,"basicAngle":0,"lo1":180.5,"la1":77.0,"lo2":180.0,"la2":-77.0,"dx":0.5,"dy":0.5}, "data":
[rows 216 to 242 of 309, columns 549 to 609 of 720]
0.041249275,-0.083750725,-0.14625072,-0.036875725,-0.099375725,-0.24000072,0.025624275,0.009999275,0.13499928,0.13499928,-0.28687572,-0.5993757,-0.005625725,-0.036875725,0.19749928,0.25999928,0.41624928,-0.34937572,-0.44312572,-0.17750072,0.13499928,0.5568743,0.38499928,0.29124928,0.056874275,-0.099375725,0.009999275,0.056874275,-0.22437572,-0.005625725,-0.005625725,0.16624928,-0.8337507,-0.25562572,0.49437428,0.6662493,0.29124928,0.056874275,-0.036875725,-0.5525007,-0.115000725,0,0,0,0,0,0,0,0,0,0,0,0,0,0,0,0,0,0,0,0
0.13499928,-0.115000725,-0.14625072,0.103749275,-0.052500725,-0.021250725,0.056874275,0.041249275,0.088124275,0.072499275,-0.17750072,-0.33375072,-0.068125725,0.009999275,0.103749275,0.13499928,0.47874928,-0.44312572,-0.19312572,-0.17750072,0.21312428,0.5256243,0.29124928,0.13499928,0.072499275,-0.16187572,0.16624928,0.13499928,-0.083750725,-0.099375725,-0.005625725,0.072499275,-0.31812572,-0.27125072,0.21312428,0.19749928,0.6662493,-0.068125725,-0.19312572,-0.7868757,-0.036875725,0,0,0,0,0,0,0,0,0,0,0,0,0,0,0,0,0,0,0,0
0.22874928,-0.22437572,-0.052500725,0.22874928,-0.083750725,-0.17750072,0.16624928,0.103749275,0.19749928,0.21312428,-0.19312572,-0.036875725,0.072499275,0.103749275,-0.083750725,0.009999275,0.18187428,-0.30250072,0.025624275,-0.24000072,0.24437428,0.32249928,0.30687428,0.16624928,-0.083750725,-0.38062572,-0.036875725,0.24437428,0.21312428,0.15062428,0.16624928,0.056874275,0.088124275,0.072499275,-0.25562572,0.009999275,0.7131243,-0.099375725,-0.47437572,-0.47437572,0.119374275,0.056874275,0,0,0,0,0,0,0,0,0,0,0,0,0,0,0,0,0,0,0
0.13499928,0.119374275,0.072499275,0.19749928,-0.14625072,0.009999275,0.056874275,0.40062428,0.25999928,-0.036875725,-0.44312572,-0.068125725,0.13499928,0.22874928,0.24437428,0.025624275,0.056874275,-0.115000725,-0.22437572,-0.115000725,0.16624928,0.27562428,0.29124928,0.072499275,-0.052500725,-0.28687572,0.025624275,0.19749928,0.19749928,0.41624928,0.056874275,0.009999275,0.103749275,-0.25562572,-1.0368757,0.056874275,0.8068743,-0.115000725,-0.5525007,-0.005625725,-0.30250072,0.041249275,0,0,0,0,0,0,0,0,0,0,0,0,0,0,0,0,0,0,0
0.19749928,0.27562428,0.15062428,-0.036875725,-0.24000072,-0.14625072,0.21312428,0.119374275,0.30687428,-0.36500072,-0.30250072,0.103749275,0.103749275,0.119374275,0.103749275,0.16624928,0.072499275,0.041249275,-0.19312572,-0.083750725,-0.083750725,0.025624275,0.25999928,0.103749275,-0.22437572,-0.115000725,0.119374275,0.25999928,0.27562428,0.24437428,-0.005625725,0.21312428,0.16624928,-0.052500725,-0.7400007,0.056874275,0.8068743,0.056874275,-0.22437572,-0.41187572,-0.083750725,-0.036875725,0,0,0,0,0,0,0,0,0,0,0,0,0,0,0,0,0,-0.036875725,-0.083750725
0.103749275,0.24437428,0.15062428,-0.115000725,0.041249275,-0.115000725,0.21312428,0.025624275,0.103749275,0.009999275,0.041249275,0.24437428,-0.005625725,0.30687428,0.056874275,0.30687428,0.16624928,0.13499928,-0.17750072,-0.19312572,-0.20875072,0.088124275,0.16624928,0.009999275,-0.115000725,-0.19312572,0.072499275,0.21312428,0.19749928,0.072499275,0.041249275,0.27562428,0.18187428,0.19749928,-0.021250725,0.103749275,-0.036875725,-0.13062572,0.119374275,-0.5837507,-0.083750725,0.009999275,0,0,0,0,0,0,0,0,0,0,0,0,0,0,0,0,0,-0.005625725,-0.052500725
-0.021250725,0.16624928,0.088124275,-0.021250725,0.009999275,-0.021250725,-0.052500725,0.056874275,0.18187428,0.33812428,-0.005625725,-0.005625725,0.056874275,0.103749275,-0.005625725,0.22874928,0.47874928,0.36937428,-0.036875725,-0.33375072,-0.17750072,-0.021250725,0.18187428,0.18187428,-0.13062572,-0.22437572,-0.021250725,0.16624928,0.16624928,0.19749928,-0.27125072,-0.115000725,0.13499928,0.16624928,0.18187428,0.21312428,-0.115000725,-0.083750725,-0.38062572,-0.19312572,0,0,0,0,0,0,0,0,0,0,0,0.025624275,0.041249275,-0.005625725,0,0.025624275,-0.16187572,-0.068125725,-0.036875725,0.13499928,-0.052500725
0.056874275,0.15062428,0.056874275,0.088124275,0.009999275,-0.115000725,0.13499928,0.072499275,0.19749928,-0.17750072,0.41624928,0.21312428,-0.36500072,0.072499275,0.16624928,0.40062428,0.8849993,0.27562428,-0.28687572,-0.5368757,-0.25562572,0.103749275,0.119374275,0.072499275,0.103749275,-0.14625072,-0.20875072,0.21312428,-0.021250725,0.041249275,-0.14625072,-0.068125725,0.36937428,0.19749928,0.103749275,0.13499928,0.24437428,-0.099375725,-0.33375072,-0.28687572,-0.068125725,-0.099375725,0,0,0,0,0,0,0.009999275,0.24437428,0.27562428,0.119374275,0.24437428,0.088124275,-0.052500725,0.025624275,-0.14625072,-0.021250725,-0.005625725,-0.14625072,-0.14625072
0.025624275,-0.052500725,0.18187428,-0.005625725,-0.005625725,-0.005625725,0.072499275,0.088124275,0.072499275,0.025624275,0.33812428,0.025624275,-0.19312572,-0.005625725,-0.036875725,0.46312428,0.8849993,0.21312428,-0.47437572,-0.5368757,-0.16187572,0.38499928,0.35374928,0.24437428,0.44749928,0.19749928,-0.052500725,0.103749275,-0.021250725,0.056874275,-0.068125725,-0.036875725,0.21312428,0.13499928,-0.021250725,-0.17750072,0.29124928,-0.083750725,-0.22437572,-0.13062572,-0.28687572,-0.115000725,-0.19312572,0,0,0,0,0.16624928,0.19749928,0.38499928,0.041249275,0.072499275,0.49437428,0.103749275,-0.49000072,0.041249275,-0.036875725,-0.036875725,-0.083750725,-0.19312572,-0.24000072
-0.036875725,-0.13062572,0.025624275,0.072499275,-0.036875725,-0.005625725,-0.005625725,0.13499928,0.056874275,0.041249275,0.30687428,-0.19312572,-0.22437572,-0.083750725,-0.083750725,0.44749928,0.47874928,0.041249275,-0.5212507,-0.30250072,0.19749928,0.38499928,0.44749928,0.041249275,0.5256243,0.21312428,0.119374275,0.103749275,0.30687428,0.35374928,-0.17750072,0.025624275,0.16624928,0.24437428,-0.068125725,-0.36500072,-0.30250072,-0.27125072,-0.115000725,0.43187428,-0.083750725,-0.28687572,-0.22437572,0.072499275,0.103749275,-0.14625072,-0.099375725,0.041249275,0.088124275,0.24437428,0.056874275,0.43187428,0.072499275,-0.14625072,-0.14625072,0.041249275,0.13499928,-0.021250725,-0.13062572,-0.083750725,-0.33375072
0.009999275,-0.036875725,0.009999275,0.22874928,0.088124275,-0.068125725,-0.099375725,0.009999275,0.056874275,-0.052500725,0.25999928,-0.005625725,-0.036875725,-0.021250725,0.13499928,0.16624928,0.21312428,0.041249275,-0.28687572,-0.22437572,0.19749928,0.35374928,0.27562428,-0.28687572,0.33812428,0.18187428,0.40062428,0.19749928,0.15062428,0.25999928,0.18187428,0.025624275,0.19749928,0.22874928,0.30687428,-0.14625072,-0.6150007,-0.6306257,0.46312428,0.46312428,-0.25562572,-0.6462507,-0.36500072,0.49437428,0.46312428,0.13499928,0.13499928,-0.5368757,0.025624275,0.21312428,0.16624928,0.22874928,-0.052500725,-0.16187572,-0.19312572,-0.005625725,-0.036875725,-0.17750072,-0.005625725,-0.099375725,-0.27125072
0.041249275,0.103749275,0.088124275,0.13499928,0.15062428,0.041249275,-0.13062572,-0.068125725,0.056874275,0.009999275,0.041249275,0.103749275,-0.083750725,0.21312428,0.103749275,0.103749275,0.21312428,-0.083750725,-0.13062572,-0.30250072,-0.33375072,0.41624928,0.38499928,-0.24000072,0.041249275,0.29124928,0.103749275,0.056874275,0.30687428,0.46312428,0.36937428,0.35374928,0.35374928,0.15062428,0.36937428,0.103749275,-0.6462507,-0.5056257,0.16624928,0.29124928,-0.19312572,-0.14625072,-0.22437572,0.33812428,0.25999928,0.009999275,-0.005625725,-0.39625072,-0.083750725,0.041249275,0.15062428,0.072499275,-0.27125072,-0.38062572,-0.31812572,-0.115000725,-0.083750725,0.009999275,0.056874275,-0.14625072,-0.036875725
0.056874275,0.103749275,0.025624275,0.119374275,0.18187428,0.16624928,-0.036875725,-0.036875725,-0.068125725,0.025624275,0.025624275,0.009999275,-0.036875725,0.041249275,0.21312428,0.25999928,0.30687428,-0.036875725,-0.33375072,-0.20875072,-0.25562572,0.35374928,0.25999928,0.24437428,-0.052500725,0.18187428,0.056874275,-0.021250725,0.38499928,0.6662493,0.49437428,0.40062428,0.21312428,0.47874928,0.5568743,-0.30250072,-0.6775007,-0.39625072,-0.052500725,0.119374275,0.103749275,0.088124275,0.056874275,0.13499928,0.21312428,0.29124928,-0.068125725,-0.083750725,-0.083750725,-0.052500725,0.16624928,0.16624928,-0.38062572,-0.14625072,-0.115000725,-0.083750725,0.072499275,-0.099375725,-0.005625725,-0.14625072,-0.115000725
-0.052500725,-0.22437572,0.30687428,0.32249928,0.13499928,0.16624928,0.041249275,0.056874275,0.13499928,0.056874275,-0.036875725,0.103749275,0.16624928,-0.068125725,0.025624275,0.025624275,0.15062428,0.009999275,0.072499275,0.056874275,0.22874928,0.056874275,-0.17750072,0.16624928,-0.005625725,-0.005625725,0.16624928,0.21312428,0.38499928,0.49437428,0.21312428,0.5412493,0.056874275,0.7131243,0.30687428,-0.7243757,-0.6150007,0.056874275,0.30687428,0.103749275,0.072499275,-0.22437572,-0.115000725,-0.25562572,0.16624928,0.19749928,0.072499275,0.103749275,0.009999275,0.16624928,0.18187428,0.103749275,-0.005625725,-0.083750725,-0.005625725,-0.005625725,-0.036875725,-0.005625725,-0.22437572,0.072499275,-0.083750725
0.025624275,-0.14625072,0.025624275,0.30687428,0.24437428,0.22874928,0.13499928,0.072499275,0.088124275,0.13499928,0.072499275,0.13499928,0.119374275,-0.083750725,-0.099375725,-0.115000725,-0.14625072,-0.115000725,0.33812428,0.27562428,0.5256243,0.16624928,-0.19312572,0.025624275,0.056874275,0.088124275,0.27562428,0.40062428,0.35374928,0.27562428,0.15062428,0.36937428,-0.052500725,0.44749928,0.056874275,-0.5525007,-0.5056257,0.103749275,0.5724993,0.5724993,0.30687428,-0.24000072,-0.49000072,-0.14625072,0.15062428,0.18187428,0.088124275,-0.115000725,-0.14625072,0.29124928,0.041249275,-0.005625725,-0.036875725,-0.036875725,-0.083750725,-0.036875725,-0.068125725,-0.16187572,-0.17750072,-0.083750725,-0.19312572
0.13499928,0.103749275,-0.005625725,0.21312428,0.19749928,0.119374275,0.041249275,0.103749275,0.009999275,0.072499275,0.072499275,0.16624928,0.119374275,0.009999275,-0.115000725,-0.17750072,-0.19312572,-0.036875725,0.32249928,0.46312428,0.5256243,-0.068125725,-0.39625072,0.13499928,-0.083750725,0.025624275,0.27562428,0.29124928,0.41624928,0.32249928,0.19749928,0.072499275,0.072499275,-0.083750725,0.072499275,-0.27125072,-0.13062572,0.088124275,0.5881243,0.6037493,0.088124275,-0.005625725,-0.28687572,0.103749275,0.16624928,0.119374275,0.025624275,-0.20875072,-0.24000072,0.13499928,0.13499928,0.056874275,-0.17750072,-0.036875725,-0.16187572,0.056874275,0.041249275,-0.115000725,-0.17750072,-0.33375072,-0.052500725
0.19749928,0.056874275,0.13499928,0.088124275,-0.021250725,0.16624928,0.32249928,0.072499275,-0.083750725,0.18187428,0.16624928,0.21312428,-0.068125725,-0.115000725,-0.036875725,-0.068125725,-0.052500725,0.088124275,0.16624928,0.041249275,0.103749275,0.21312428,0.056874275,0.21312428,0.103749275,0.025624275,0.103749275,0.056874275,0.40062428,0.19749928,0.16624928,0.056874275,-0.20875072,-0.052500725,0.056874275,0.041249275,-0.036875725,0.19749928,0.43187428,0.27562428,0.27562428,0.056874275,-0.115000725,0.24437428,0.21312428,-0.005625725,0.119374275,-0.17750072,-0.27125072,0.009999275,0.24437428,-0.052500725,-0.036875725,-0.13062572,0.103749275,-0.052500725,-0.115000725,-0.099375725,-0.17750072,-0.28687572,-0.083750725
0.072499275,0.056874275,0.13499928,0.119374275,0.088124275,0.25999928,0.24437428,0.025624275,0.025624275,0.072499275,0.24437428,0.21312428,-0.25562572,-0.115000725,0.16624928,0.072499275,-0.005625725,0.103749275,-0.005625725,-0.052500725,-0.099375725,0.072499275,0.13499928,-0.021250725,0.103749275,0.21312428,0.041249275,-0.036875725,-0.16187572,0.38499928,0.32249928,0.19749928,-0.115000725,-0.036875725,0.22874928,0.43187428,0.072499275,0.009999275,0.13499928,0.27562428,0.119374275,0.27562428,0.19749928,0.27562428,0.24437428,0.056874275,0.041249275,-0.115000725,-0.16187572,-0.22437572,-0.052500725,-0.38062572,0.072499275,-0.036875725,-0.036875725,-0.052500725,-0.115000725,-0.30250072,-0.115000725,-0.083750725,-0.115000725
0.21312428,0.088124275,0.21312428,0.19749928,0.35374928,0.5568743,-0.083750725,-0.099375725,-0.20875072,0.22874928,0.18187428,0.16624928,-0.052500725,-0.099375725,0.13499928,0.27562428,0.025624275,-0.021250725,-0.083750725,-0.036875725,-0.068125725,0.056874275,0.056874275,-0.021250725,0.025624275,0.072499275,0.15062428,-0.42750072,-0.13062572,0.47874928,0.32249928,0.27562428,-0.021250725,-0.068125725,0.25999928,0.46312428,0.29124928,-0.14625072,0.13499928,0.056874275,0.21312428,-0.052500725,0.19749928,0.41624928,0.21312428,0.119374275,0.056874275,0.16624928,-0.036875725,-0.14625072,-0.17750072,-0.22437572,0.119374275,-0.021250725,-0.083750725,-0.14625072,-0.5212507,0.088124275,-0.021250725,-0.052500725,-0.16187572
-0.083750725,0.025624275,0.103749275,0.19749928,0.41624928,0.6037493,-0.17750072,-0.27125072,-0.083750725,0.16624928,0.30687428,0.35374928,0.088124275,0.22874928,0.24437428,0.19749928,-0.005625725,-0.22437572,-0.036875725,0.119374275,0.009999275,0.103749275,-0.036875725,0.072499275,0.041249275,0.103749275,0.025624275,-0.22437572,0.025624275,0.24437428,0.32249928,0.19749928,0.13499928,0.072499275,0.19749928,0.38499928,0.072499275,0.119374275,0.21312428,0.072499275,0.009999275,0.13499928,0.041249275,0.27562428,0.43187428,0.025624275,0.041249275,0.16624928,0.119374275,-0.083750725,-0.083750725,-0.42750072,-0.052500725,-0.068125725,-0.036875725,-0.099375725,-0.17750072,-0.099375725,0.056874275,-0.036875725,-0.25562572
0.13499928,0.119374275,0.27562428,-0.005625725,0.27562428,0.19749928,0.13499928,-0.083750725,0.041249275,0.119374275,0.5256243,0.44749928,0.13499928,0.24437428,0.13499928,0.16624928,0.103749275,-0.083750725,0.025624275,0.16624928,0.13499928,-0.115000725,-0.083750725,0.009999275,0.072499275,-0.005625725,-0.005625725,-0.036875725,0.072499275,0.29124928,0.27562428,0.16624928,-0.005625725,0.041249275,0.15062428,0.19749928,0.13499928,0.119374275,0.13499928,-0.068125725,0.103749275,0.15062428,0.22874928,0.16624928,0.119374275,0.009999275,0.119374275,0.103749275,0.13499928,-0.20875072,-0.38062572,-0.44312572,0.13499928,0.24437428,0.025624275,-0.036875725,-0.036875725,-0.16187572,-0.083750725,-0.28687572,-0.20875072
0.21312428,0.072499275,0.33812428,-0.052500725,0.24437428,0.30687428,0.24437428,0.056874275,0.072499275,0.36937428,0.44749928,0.36937428,0.21312428,-0.14625072,0.32249928,0.7287493,0.21312428,-0.036875725,0.056874275,0.072499275,0.13499928,-0.052500725,-0.17750072,0.041249275,0.103749275,0.19749928,0.072499275,-0.052500725,0.056874275,0.32249928,0.32249928,-0.036875725,0.103749275,0.18187428,0.072499275,0.009999275,0.13499928,-0.115000725,0.19749928,-0.005625725,0.30687428,0.33812428,0.27562428,0.16624928,0.25999928,0.088124275,0.13499928,-0.021250725,0.22874928,0.025624275,-0.38062572,-0.30250072,0.16624928,0.15062428,-0.13062572,-0.005625725,-0.115000725,-0.22437572,-0.17750072,-0.20875072,-0.25562572
0.056874275,-0.068125725,-0.005625725,0.22874928,0.30687428,0.27562428,0.18187428,0.21312428,0.27562428,0.36937428,0.27562428,0.27562428,0.16624928,-0.005625725,0.32249928,0.44749928,0.24437428,0.041249275,0.025624275,0.19749928,0.13499928,0.025624275,-0.068125725,-0.052500725,0.056874275,0.30687428,0.15062428,-0.021250725,-0.021250725,0.30687428,0.35374928,0.103749275,-0.083750725,0.30687428,0.27562428,-0.005625725,0.16624928,-0.052500725,0.041249275,0.103749275,0.32249928,0.24437428,0.13499928,0.119374275,0.19749928,0.25999928,0.32249928,0.009999275,0.119374275,0.119374275,0.25999928,0.072499275,-0.005625725,-0.19312572,-0.13062572,0.19749928,-0.27125072,-0.22437572,-0.22437572,-0.14625072,-0.20875072
0.119374275,-0.115000725,-0.115000725,0.30687428,0.072499275,0.18187428,0.32249928,0.38499928,0.15062428,-0.115000725,-0.005625725,0.25999928,0.38499928,0.27562428,0.072499275,0.21312428,0.18187428,-0.083750725,-0.083750725,0.24437428,0.21312428,0.056874275,0.103749275,0.16624928,0.35374928,0.25999928,-0.036875725,-0.005625725,0.072499275,0.21312428,0.13499928,0.13499928,-0.30250072,0.30687428,0.27562428,0.15062428,-0.005625725,0.009999275,0.056874275,-0.005625725,0.15062428,0.15062428,0.19749928,0.025624275,0.041249275,0.009999275,0.36937428,0.15062428,0.025624275,0.22874928,0.32249928,0.056874275,0.041249275,-0.17750072,-0.068125725,-0.20875072,-0.22437572,-0.20875072,-0.14625072,-0.30250072,-0.115000725
0.025624275,-0.115000725,-0.083750725,0.13499928,0.21312428,0.13499928,0.19749928,0.29124928,0.5256243,0.13499928,0.103749275,0.5099993,0.46312428,0.072499275,-0.005625725,0.25999928,0.19749928,0.103749275,0.24437428,0.13499928,0.41624928,0.009999275,0.13499928,0.19749928,0.19749928,0.24437428,-0.036875725,0.041249275,0.119374275,0.19749928,-0.036875725,-0.005625725,0.13499928,0.103749275,0.009999275,0.025624275,0.13499928,0.103749275,0.088124275,-0.052500725,0.072499275,0.16624928,0.16624928,0.041249275,-0.036875725,0.072499275,0.103749275,0.27562428,0.15062428,0.30687428,0.103749275,0.103749275,0.13499928,-0.115000725,-0.17750072,-0.27125072,-0.16187572,-0.17750072,-0.22437572,-0.16187572,-0.115000725
0.025624275,0.19749928,0.072499275,-0.16187572,-0.005625725,-0.005625725,0.025624275,0.088124275,0.15062428,0.6662493,0.35374928,0.21312428,0.22874928,0.38499928,0.103749275,0.103749275,0.19749928,0.25999928,-0.005625725,0.24437428,0.19749928,0.22874928,0.088124275,0.103749275,0.19749928,0.24437428,0.30687428,-0.036875725,0.103749275,0.103749275,-0.22437572,0.21312428,0.30687428,0.056874275,0.009999275,-0.13062572,0.18187428,0.30687428,0.056874275,0.056874275,-0.036875725,-0.052500725,0.16624928,0.30687428,0.15062428,-0.005625725,-0.005625725,0.13499928,0.18187428,0.041249275,0.025624275,0.15062428,0.103749275,-0.005625725,-0.20875072,-0.5525007,-0.052500725,0.16624928,-0.083750725,-0.083750725,-0.17750072
0.19749928,0.33812428,0.21312428,0.072499275,-0.068125725,0.056874275,-0.19312572,0.041249275,0.32249928,0.5412493,0.072499275,0.103749275,0.22874928,0.44749928,0.22874928,0.16624928,0.025624275,0.24437428,0.27562428,0.16624928,0.27562428,0.24437428,0.16624928,0.072499275,0.32249928,0.103749275,0.18187428,-0.099375725,0.119374275,0.19749928,0.21312428,0.041249275,-0.005625725,0.19749928,0.009999275,0.119374275,0.25999928,0.27562428,-0.083750725,-0.14625072,-0.068125725,-0.16187572,0.16624928,0.30687428,0.056874275,0.103749275,0.16624928,0.072499275,-0.005625725,-0.27125072,-0.005625725,0.24437428,0.072499275,0.072499275,-0.068125725,-0.5056257,-0.41187572,0.16624928,0.072499275,-0.28687572,-0.22437572
