trunc-2.json
{"header": {"discipline":10,"disciplineName":"Oceanographic products","gribEdition":2,"gribLength":237211,"center":7,"centerName":"US National Weather Service - NCEP(WMC)","subcenter":0,"refTime":"2020-11-19T00:00:00.000Z","significanceOfRT":1,"significanceOfRTName":"Start of forecast","productStatus":0,"productStatusName":"Operational products","productType":1,"productTypeName":"Forecast products","productDefinitionTemplate":0,"productDefinitionTemplateName":"Analysis/forecast at horizontal level/layer at a point in time","parameterCategory":1,"parameterCategoryName":"Currents","parameterNumber":3,"parameterNumberName":"V_component_of_current","parameterUnit":"m.s-1","genProcessType":2,"genProcessTypeName":"Forecast","forecastTime":0,"surface1Type":1,"surface1TypeName":"Ground or water surface","surface1Value":0.0,"surface2Type":255,"surface2TypeName":"Missing","surface2Value":-9.999E-252,"gridDefinitionTemplate":0,"gridDefinitionTemplateName":"Latitude_Longitude","numberPoints":222480,"shape":6,"shapeName":"Earth spherical with radius of 6,371,229.0 m","gridUnits":"degrees","resolution":48,"winds":"true","scanMode":0,"nx":720,"ny":309,"basicAngle":0,"lo1":-179.5,"la1":77.0,"lo2":180.0,"la2":-77.0,"dx":0.5,"dy":0.5}, "data":
[rows 78 to 116 of 309, columns 0 to 86 of 720]
-0.15,-0.62,-0.23,0.13,0.02,0.02,-0.23,-0.12,-0.18,-0.21,-0.05,-0.09,-0.05,-0.02,-0.02,-0.23,-0.05,-0.2,-0.13,0.02,-0.09,0.27,0.12,0.29,0.23,-0.02,-0.13,-0.05,0.05,-0.09,-0.23,-0.21,-0.02,-0.15,0.02,0.3,-0.04,-0.09,0.2,0.01,0.16,0.23,0.05,0.1,0.24,0.13,0.09,0.21,-0.01,-0.05,0.05,0.02,0.09,0.13,-0.12,-0.12,-0.16,-0.12,-0.07,-0.09,-0.15,-0.04,0.09,-0.15,-0.07,-0.01,-0.13,-0.3,-0.29,-0.26,-0.12,0.01,-0.07,0.02,0.02,0.07,0.01,0.02,-0.05,-0.05,-0.12,-0.09,-0.04,-0.02,0.05,0.05,-0.09
-0.16,-0.48,-0.45,0.05,0.13,0.13,-0.15,-0.37,-0.34,-0.48,-0.41,-0.07,0.12,0.13,0.02,-0.07,-0.13,-0.16,-0.23,0.05,-0.01,0.18,0.2,0.2,0.21,-0.09,-0.34,-0.01,0.05,0.12,0.02,-0.02,-0.01,0.05,0.13,0.13,0.18,0.09,0.16,-0.02,0.01,0.26,0.13,0.09,0.12,0.13,0.02,0.04,0.07,0.1,-0.02,-0.09,0.09,0.02,-0.02,-0.09,-0.1,-0.02,-0.16,-0.09,0.09,-0.07,0.04,-0.12,-0.12,-0.01,-0.09,-0.23,-0.35,-0.13,0.07,-0.09,0.05,-0.05,0.04,0.02,-0.05,-0.02,-0.12,0.01,-0.05,-0.12,-0.2,-0.1,0.1,-0.04,-0.18
-0.38,-0.45,-0.54,-0.05,-0.01,0.21,-0.02,-0.23,-0.09,-0.18,-0.38,-0.29,0.27,0.3,0.23,0.12,-0.12,0.07,-0.01,0.2,-0.01,0.24,0.16,0.18,0.18,0.24,-0.13,0.05,0.09,0.04,0.1,0.05,-0.09,0.16,0.15,0.13,0.07,0.02,0.02,0.15,0.13,0.05,0.1,0.13,0.09,0.02,0.07,0.01,-0.01,0.24,0.05,-0.09,0.05,0.04,0.02,-0.05,0.01,-0.01,-0.2,-0.13,-0.02,-0.12,-0.1,0.01,-0.05,-0.16,-0.01,-0.01,-0.27,-0.16,0.12,0.04,0.01,-0.09,-0.05,-0.13,-0.07,-0.23,-0.23,0.01,0.02,-0.16,-0.27,-0.13,0.1,-0.1,-0.26
-0.51,-0.41,-0.51,0.04,-0.02,0.01,-0.04,0.04,-0.12,-0.12,-0.26,-0.52,0.13,0.27,0.26,0.12,-0.01,-0.05,0.09,0.24,-0.09,0.12,0.15,0.27,0.04,0.09,-0.23,-0.09,0.02,0.13,-0.02,0.12,0.13,0.09,0.1,0.04,0.12,0.01,0.13,0.23,0.23,0.16,0.07,-0.12,-0.01,-0.01,0.04,0.05,0.02,0.16,-0.04,-0.18,-0.04,0.1,-0.04,0.12,-0.04,-0.04,-0.2,-0.02,-0.13,-0.09,-0.1,0.16,0.07,-0.02,-0.02,-0.05,-0.23,-0.13,0.16,0.04,0.02,-0.12,-0.2,-0.15,-0.21,-0.29,-0.27,-0.02,0.09,-0.09,-0.2,-0.05,0.07,-0.15,-0.21
-0.59,-0.35,-0.09,0.09,0.07,0.21,-0.07,-0.01,-0.07,0.16,-0.37,-0.48,-0.12,0.13,0.2,0.24,-0.04,-0.18,0.13,0.21,0.12,0.05,0.16,0.01,-0.12,0.09,-0.05,-0.01,-0.04,0.09,0.01,-0.09,-0.13,0.13,0.16,0.2,0.13,0.04,0.23,0.23,0.18,0.09,0.04,0.05,0.05,-0.1,-0.09,0.09,0.09,0.2,-0.09,-0.2,0.01,-0.16,-0.09,0.02,-0.12,-0.12,-0.12,-0.05,-0.05,0.07,0.05,-0.04,-0.02,0.13,-0.05,-0.12,-0.12,0.05,0.02,-0.07,-0.05,-0.09,-0.09,-0.01,-0.16,-0.29,-0.27,-0.02,0.1,0.1,-0.09,0.09,-0.02,-0.3,-0.27
-0.57,-0.26,0.12,-0.01,0.15,0.27,-0.02,-0.02,-0.13,-0.13,-0.27,-0.21,-0.21,-0.05,0.09,0.09,-0.13,-0.05,0.16,0.23,-0.07,-0.09,0.09,0.02,-0.07,0.05,-0.12,-0.05,-0.02,-0.02,-0.01,-0.02,0.16,0.21,0.13,0.26,0.16,0.12,0.12,-0.04,0.26,0.07,-0.02,0.13,0.05,0.01,-0.13,-0.04,0.07,0.2,-0.13,-0.23,0.05,-0.12,-0.04,0.02,-0.07,-0.01,-0.09,0.04,0.05,0.2,0.04,-0.01,0.12,0.04,0.04,-0.07,-0.1,-0.01,0.12,0.01,-0.07,-0.01,-0.02,-0.05,-0.05,-0.16,-0.15,0.04,0.05,-0.02,0.12,0.07,-0.12,-0.27,-0.21
-0.4,-0.05,-0.02,0.23,0.16,0.21,0.12,0.07,-0.09,-0.26,-0.2,-0.09,-0.18,-0.05,0.12,0.05,-0.24,-0.16,0.16,0.34,0.12,-0.2,-0.09,-0.02,0.12,0.05,-0.13,0.05,0.09,-0.15,0.04,0.2,0.18,0.12,0.05,0.34,0.18,0.2,0.07,0.07,0.12,0.05,0.05,0.24,0.16,-0.05,-0.18,-0.13,0.01,0.12,-0.12,-0.07,-0.05,-0.23,-0.04,0.01,0.01,0.05,-0.02,0.12,0.23,0.16,-0.05,0.09,0.09,0.2,0.07,-0.04,-0.09,-0.04,0.02,0.1,0.05,0.05,0.04,-0.13,0.04,-0.09,0.05,0.02,0.15,-0.04,0.12,-0.15,-0.13,-0.15,-0.18
-0.26,0.09,0.27,0.24,0.2,-0.04,0.02,-0.13,-0.23,-0.27,-0.23,-0.18,-0.07,-0.02,0.13,0.04,-0.16,-0.26,-0.04,0.2,0.13,-0.09,-0.23,-0.13,0.09,0.18,-0.01,0.12,0.2,-0.2,-0.07,0.12,0.13,0.09,0.02,0.3,0.13,0.13,0.04,0.16,0.16,0.09,-0.1,0.1,0.09,-0.1,-0.2,-0.13,-0.05,0.04,-0.16,0.07,-0.09,-0.1,-0.07,-0.1,-0.07,0.01,0.15,0.13,0.2,0.16,0.13,0.13,0.23,0.1,-0.01,-0.16,-0.05,-0.1,0.02,-0.01,0.04,0.01,-0.07,0.02,-0.07,-0.12,-0.02,-0.01,0.1,-0.04,-0.12,-0.1,-0.26,-0.13,-0.12
-0.04,0.09,0.05,0.21,0.09,-0.15,-0.3,-0.54,-0.3,-0.26,-0.26,-0.16,0.02,0.02,0.12,0.16,-0.05,-0.01,0.2,0.26,0.05,-0.13,-0.02,-0.13,-0.07,0.16,0.02,0.12,0.13,-0.02,0.02,0.23,0.04,-0.2,-0.1,0.04,0.12,0.09,0.05,-0.04,0.18,0.16,-0.02,-0.09,-0.01,-0.07,-0.07,-0.23,-0.1,-0.12,-0.2,-0.09,-0.12,-0.05,-0.02,-0.05,-0.12,-0.01,0.16,0.24,0.2,0.18,0.13,0.02,0.13,0.02,-0.02,-0.13,-0.12,-0.1,-0.01,-0.05,-0.04,-0.1,-0.09,0.02,-0.2,-0.24,0.02,0.01,-0.05,-0.01,-0.26,-0.3,-0.34,-0.34,-0.2
-0.02,0.12,-0.02,0.13,-0.01,-0.21,-0.38,-0.51,-0.27,-0.07,-0.13,-0.05,0.09,0.01,0.24,0.13,-0.1,0.12,0.15,0.3,-0.01,0.02,0.15,0.02,0.05,0.02,0.24,0.38,0.21,-0.02,0.16,0.15,0.16,-0.13,-0.23,-0.07,0.09,0.12,0.09,-0.15,-0.04,0.12,-0.05,-0.13,0.02,0.05,0.02,-0.16,-0.01,-0.12,-0.2,-0.2,-0.04,-0.01,0.09,-0.02,-0.05,-0.13,0.01,0.02,0.05,0.13,0.12,-0.02,0.02,0.09,-0.07,-0.13,-0.04,-0.12,-0.02,0.15,-0.02,-0.09,-0.16,-0.2,-0.2,-0.1,-0.12,-0.12,-0.2,-0.16,-0.27,-0.23,-0.38,-0.1,-0.21
0.04,0.26,0.09,0.1,0.09,-0.2,-0.46,-0.57,-0.23,-0.02,0.02,-0.01,0.27,0.2,-0.01,-0.01,-0.1,0.12,0.2,0.3,0.12,0.1,0.24,0.05,0.02,0.09,0.23,0.2,0.23,0.12,0.13,0.2,0.23,-0.26,-0.29,-0.09,0.18,0.16,0.02,-0.23,-0.09,-0.09,-0.07,-0.13,-0.09,0.09,-0.01,-0.12,-0.01,-0.05,-0.07,-0.07,-0.1,-0.13,0.02,-0.04,-0.07,-0.13,-0.24,-0.16,-0.2,0.05,0.23,0.12,0.04,0.04,0.04,-0.02,0.04,-0.24,-0.01,0.18,0.02,-0.05,-0.15,-0.26,-0.27,-0.16,-0.07,-0.16,-0.23,-0.18,-0.21,-0.34,-0.27,-0.05,-0.21
-0.12,0.09,-0.13,-0.05,0.02,-0.2,-0.4,-0.3,-0.04,-0.02,-0.02,0.18,0.15,-0.01,-0.09,-0.15,-0.02,-0.12,-0.07,0.04,0.24,0.16,0.18,0.13,-0.15,0.04,0.12,-0.02,0.09,0.05,0.2,0.29,0.05,-0.2,-0.09,0.05,0.05,0.13,0.1,-0.1,-0.23,-0.2,-0.05,-0.09,-0.05,0.01,-0.04,-0.18,-0.13,-0.1,-0.07,-0.09,-0.27,-0.24,-0.16,-0.23,-0.13,-0.18,-0.38,-0.26,-0.26,-0.15,0.1,0.16,-0.04,0.09,0.07,-0.02,0.05,-0.13,-0.09,-0.01,-0.1,-0.16,-0.01,-0.12,-0.26,-0.24,-0.16,-0.21,-0.05,-0.02,-0.13,-0.27,-0.23,-0.2,-0.23
-0.23,-0.16,-0.3,-0.3,-0.1,-0.01,0.01,-0.01,-0.05,0.18,0.05,-0.07,-0.01,0.12,-0.02,-0.05,0.01,-0.2,-0.12,-0.07,0.12,0.16,0.05,-0.01,-0.23,-0.09,0.04,0.12,0.01,0.05,0.13,0.13,-0.13,-0.2,0.09,0.18,0.02,0.2,0.2,-0.1,-0.34,-0.2,-0.12,-0.04,-0.09,-0.09,-0.07,-0.2,-0.02,-0.07,-0.12,0.02,-0.29,-0.29,-0.16,-0.13,-0.09,-0.13,-0.32,-0.23,-0.05,-0.05,0.04,0.09,0.04,0.16,0.12,-0.01,0.02,-0.12,-0.2,0.02,0.02,-0.01,0.04,-0.2,-0.07,-0.27,-0.16,-0.2,-0.12,-0.09,-0.12,-0.29,-0.16,-0.18,-0.16
-0.27,-0.35,-0.45,-0.62,-0.2,0.02,0.09,-0.01,-0.1,0.13,0.05,-0.12,-0.07,0.05,0.01,0.09,-0.01,-0.24,-0.09,0.12,0.12,0.34,0.34,-0.05,-0.2,-0.12,-0.1,0.05,0.02,-0.09,-0.01,0.12,0.02,-0.12,-0.09,0.09,0.09,0.07,0.02,-0.12,-0.27,-0.26,-0.04,0.02,-0.13,-0.18,-0.09,-0.24,-0.09,-0.02,-0.15,-0.15,-0.24,-0.26,-0.23,-0.27,-0.26,-0.3,-0.18,-0.16,-0.02,0.1,0.13,0.02,-0.01,0.2,0.18,0.05,-0.09,-0.13,-0.18,0.15,0.04,0.04,-0.07,-0.34,-0.01,-0.24,-0.21,-0.12,-0.15,-0.2,0.05,-0.09,-0.2,-0.2,-0.26
-0.2,-0.26,-0.4,-0.49,-0.16,0.15,-0.07,0.05,0.07,0.05,0.09,0.05,-0.02,-0.05,0.01,0.07,0.12,-0.12,-0.1,-0.02,0.21,0.26,0.35,-0.12,-0.18,-0.26,-0.07,-0.01,0.02,-0.05,0.02,0.12,-0.01,-0.04,0.01,-0.01,0.02,0.02,-0.16,-0.16,-0.13,-0.09,-0.04,-0.05,-0.12,-0.24,-0.01,-0.29,-0.12,0.02,-0.09,-0.23,-0.13,-0.26,-0.38,-0.13,-0.12,-0.09,0.01,-0.02,0.02,0.02,0.1,0.13,0.04,0.04,-0.01,0.1,0.01,-0.13,0.02,0.05,-0.01,-0.05,-0.2,-0.29,-0.27,-0.18,-0.24,-0.16,-0.09,-0.15,-0.26,-0.3,-0.2,-0.13,-0.15
-0.01,-0.09,-0.23,-0.18,-0.01,0.13,0.02,-0.12,-0.01,0.15,0.02,0.07,0.05,0.15,-0.05,-0.01,0.02,-0.02,-0.1,-0.07,0.05,0.16,0.16,-0.12,-0.1,-0.12,-0.01,-0.05,-0.12,-0.04,-0.07,-0.09,-0.2,-0.12,-0.13,-0.04,0.09,-0.02,-0.23,-0.1,-0.1,-0.2,-0.05,0.04,-0.12,-0.35,-0.16,-0.21,-0.2,-0.09,-0.02,-0.16,-0.1,-0.2,-0.2,-0.09,-0.12,-0.2,-0.05,0.04,0.01,0.12,0.12,-0.04,-0.16,-0.05,-0.12,-0.02,-0.04,-0.09,-0.02,-0.05,0.02,-0.24,-0.34,-0.23,-0.3,-0.2,-0.26,-0.13,-0.02,-0.1,-0.23,-0.35,-0.3,-0.12,-0.13
-0.01,0.02,-0.05,-0.05,0.1,0.05,-0.05,-0.1,0.05,0.16,0.27,0.18,0.23,0.16,-0.02,-0.05,-0.05,-0.04,-0.01,0.07,0.16,0.02,0.02,-0.26,-0.01,0.27,0.15,0.09,0.09,-0.05,-0.05,-0.05,-0.24,-0.2,-0.21,0.01,0.02,-0.09,-0.12,-0.2,-0.24,-0.12,0.05,0.13,-0.05,-0.27,-0.15,-0.12,-0.21,-0.1,-0.05,-0.16,-0.15,-0.05,-0.02,-0.2,-0.15,-0.02,0.02,0.13,0.07,0.24,0.07,-0.12,-0.15,-0.16,-0.01,0.02,0.02,-0.1,-0.16,0.01,-0.02,-0.23,-0.29,-0.13,-0.12,-0.12,-0.2,-0.32,-0.09,-0.2,-0.1,-0.07,-0.2,-0.12,-0.12
0.1,0.05,0.2,0.1,-0.09,-0.01,-0.13,0.02,0.02,0.16,0.23,0.27,0.13,0.09,0.12,0.1,0.05,-0.01,-0.01,0.1,0.01,0.1,0.02,-0.02,-0.04,0.12,0.13,0.27,0.37,0.12,-0.12,-0.05,-0.04,-0.04,0.01,0.07,0.21,-0.01,0.01,-0.04,-0.09,0.02,0.12,0.26,0.12,0.05,0.16,0.02,-0.01,0.04,0.07,0.05,-0.1,0.1,0.04,-0.09,-0.02,0.01,0.01,0.01,0.05,0.2,-0.04,-0.05,-0.2,-0.13,0.04,0.09,-0.09,-0.13,-0.09,-0.05,-0.05,-0.13,-0.3,-0.12,-0.01,0.05,-0.16,-0.26,-0.1,-0.13,-0.07,-0.09,-0.15,-0.07,-0.13
-0.02,0.12,0.2,-0.05,-0.2,-0.04,-0.05,0.05,0.13,0.26,0.27,0.12,-0.01,-0.01,0.18,0.23,0.16,0.02,-0.09,-0.1,-0.12,0.01,-0.04,0.07,0.07,-0.01,0.2,0.37,0.34,0.16,-0.1,-0.09,0.13,0.05,0.02,0.2,0.13,0.02,0.12,-0.05,0.05,0.24,0.07,0.15,0.16,0.16,0.13,0.12,0.01,0.1,0.05,0.09,0.07,0.07,0.15,0.09,-0.05,-0.04,0.02,-0.05,0.1,0.01,0.02,-0.05,-0.12,0.02,0.13,0.05,-0.16,-0.07,-0.01,0.02,-0.01,-0.18,-0.27,-0.02,-0.02,0.09,-0.07,-0.09,-0.07,-0.01,0.07,-0.07,0.02,-0.07,-0.09
-0.24,-0.01,0.04,0.01,0.05,0.07,-0.01,0.09,0.02,0.2,0.23,0.09,-0.07,0.05,0.04,0.15,0.27,0.07,-0.12,-0.13,0.05,0.09,0.02,0.12,0.05,0.02,0.1,0.24,0.21,0.07,-0.02,0.12,0.09,0.05,0.24,0.24,0.18,0.15,0.13,0.02,0.12,0.21,0.16,0.24,0.21,0.24,0.2,0.13,0.05,0.05,0.18,0.2,0.12,-0.09,-0.01,0.12,0.12,0.04,0.09,0.09,0.05,-0.01,-0.01,-0.12,0.01,0.1,0.1,-0.01,-0.12,-0.02,-0.02,0.05,0.09,-0.2,-0.23,0.04,-0.01,0.02,0.04,-0.01,-0.05,0.01,-0.02,0.01,0.05,-0.04,-0.04
-0.1,0.05,-0.01,-0.1,0.12,0.13,0.23,0.16,0.02,-0.02,0.18,-0.02,-0.2,0.02,0.04,0.13,0.27,0.1,-0.07,0.04,0.1,0.2,0.02,0.2,-0.04,0.02,0.01,0.16,0.13,0.18,0.13,0.13,-0.07,0.01,0.32,0.2,0.2,0.16,0.13,0.13,0.2,0.24,0.15,0.21,0.18,0.2,0.18,0.02,-0.09,0.04,0.12,0.18,0.13,-0.12,0.01,0.13,0.12,-0.09,-0.02,-0.02,0.12,-0.02,-0.13,-0.02,-0.02,0.09,0.01,-0.02,-0.05,-0.09,-0.02,0.02,-0.01,-0.23,-0.05,0.07,-0.01,0.01,0.04,0.02,0.09,0.05,-0.02,-0.05,-0.02,0.05,0.02
0.04,0.09,0.07,-0.09,-0.02,0.18,0.24,0.41,0.09,-0.16,0.09,-0.09,-0.16,0.02,0.15,0.13,0.24,0.27,0.12,0.12,0.23,0.13,0.01,0.09,-0.16,0.13,-0.09,0.1,0.2,0.02,0.05,-0.02,-0.09,0.12,0.12,-0.02,-0.04,0.04,0.1,0.09,0.2,0.27,0.12,0.16,0.24,0.15,0.13,-0.01,0.02,0.13,-0.05,-0.02,0.09,-0.04,-0.02,-0.01,0.02,-0.02,-0.02,-0.09,0.04,0.1,-0.05,-0.09,0.01,0.12,0.01,0.12,0.05,-0.09,-0.01,0.02,0.07,-0.05,0.01,0.02,-0.13,-0.01,-0.04,0.16,0.09,0.1,-0.07,-0.09,-0.01,0.13,0.1
0.16,0.2,0.09,0.18,0.05,0.1,0.34,0.32,0.16,-0.01,0.1,-0.12,-0.13,0.18,0.1,-0.05,0.23,0.2,0.1,0.26,0.37,0.27,0.02,-0.2,-0.2,0.02,-0.12,-0.02,0.12,0.13,0.07,-0.05,-0.07,-0.01,0.05,0.05,-0.02,0.04,0.05,0.07,0.21,0.2,0.05,0.05,0.18,0.13,0.07,-0.05,0.05,0.16,0.02,-0.12,0.04,-0.09,-0.01,0.09,0.07,-0.04,-0.02,0.05,0.09,0.05,-0.09,0.01,0.23,0.16,0.04,0.04,0.09,-0.02,-0.05,0.24,0.09,-0.04,0.04,0.02,-0.12,-0.04,0.05,0.15,0.09,0.05,-0.1,-0.05,0.01,0.12,0.04
0.13,0.05,-0.13,0.21,0.12,0.04,0.27,0.4,0.29,0.02,0.05,-0.02,0.05,0.18,0.16,-0.27,0.04,0.13,0.12,0.23,0.38,0.38,0.15,-0.13,-0.05,0.02,-0.01,0.05,-0.01,0.16,0.1,-0.01,0.02,-0.09,-0.05,0.13,0.09,0.23,0.1,-0.1,0.24,0.3,0.1,0.05,0.16,0.05,-0.13,-0.07,-0.01,0.15,0.07,-0.16,-0.12,0.01,-0.04,0.02,-0.01,-0.05,0.05,0.13,0.12,0.01,-0.04,-0.05,0.23,0.13,0.02,0.02,0.05,-0.09,0.12,0.27,-0.02,-0.09,0.02,-0.04,-0.12,0.04,-0.02,0.12,0.09,0.07,0.09,-0.12,-0.13,0.02,0.05
0.15,-0.15,-0.2,-0.05,0.01,0.05,0.35,0.3,0.45,0.18,-0.02,-0.01,0.09,0.24,0.13,-0.41,-0.05,0.09,0.01,0.12,0.3,0.27,0.27,0.09,0.02,0.05,-0.01,0.07,0.12,0.07,-0.13,-0.12,0.16,0.05,-0.3,0.13,0.12,0.4,0.05,-0.26,0.12,0.12,0.23,0.2,0.24,0.09,-0.21,-0.16,-0.04,0.12,-0.05,-0.18,0.02,-0.01,-0.07,0.13,-0.05,0.09,0.09,0.23,0.01,-0.05,-0.09,-0.04,0.12,0.12,0.01,-0.02,0.04,-0.02,0.01,0.09,-0.09,0.05,0.04,0.01,-0.13,0.02,0.05,0.1,0.12,0.04,0.09,-0.13,-0.23,-0.1,-0.07
-0.02,-0.23,-0.13,-0.05,-0.07,0.1,0.15,0.09,0.41,0.26,0.27,0.04,0.07,0.13,-0.05,-0.01,0.02,-0.02,-0.15,0.05,0.09,0.16,0.05,0.2,0.07,0.05,0.09,-0.02,-0.02,-0.02,0.01,0.05,0.16,-0.16,-0.27,0.02,0.3,0.18,0.09,-0.12,-0.05,-0.15,0.1,0.2,0.37,0.05,-0.1,-0.24,-0.05,-0.02,-0.09,-0.05,-0.01,0.01,0.01,0.13,0.02,0.12,0.2,0.15,0.05,-0.05,-0.12,0.09,0.09,0.09,0.13,0.09,0.07,-0.04,0.05,0.04,-0.02,0.09,0.01,-0.05,-0.16,0.09,0.09,0.02,0.02,-0.04,-0.02,-0.02,-0.07,-0.16,-0.04
-0.05,-0.09,-0.07,-0.09,0.1,0.13,0.23,0.02,0.23,0.27,0.3,0.09,-0.02,-0.02,-0.05,0.07,0.04,0.1,0.09,-0.04,0.04,0.09,-0.02,0.29,0.18,0.23,0.13,-0.07,-0.01,0.13,0.07,-0.05,-0.07,-0.04,-0.01,0.16,0.16,0.12,-0.05,-0.1,-0.01,-0.05,0.05,0.27,0.43,0.23,-0.09,-0.26,-0.26,-0.12,-0.09,-0.01,0.05,-0.09,-0.07,0.02,0.05,-0.01,0.12,0.07,-0.05,-0.04,-0.01,0.12,0.12,0.15,0.2,0.13,0.04,0.04,0.09,-0.02,-0.02,-0.01,0.02,-0.09,-0.16,0.02,0.09,0.01,-0.02,-0.02,-0.01,-0.09,-0.16,-0.09,-0.02
0.07,-0.04,-0.02,0.02,0.05,0.16,0.13,0.09,0.02,0.2,0.15,0.07,0.09,0.16,0.16,0.04,-0.02,0.04,0.2,0.02,0.18,0.13,-0.12,0.01,0.24,0.13,0.05,0.09,0.12,-0.04,-0.13,0.02,-0.02,-0.01,0.15,0.05,0.09,0.02,-0.07,-0.13,0.04,-0.04,0.07,0.24,0.34,0.13,-0.21,-0.21,-0.23,-0.13,-0.01,0.07,0.04,0.02,0.02,-0.09,-0.13,-0.07,-0.02,0.05,0.02,-0.01,0.13,0.15,0.04,0.05,0.09,0.02,-0.05,-0.02,0.02,0.02,0.09,0.05,0.01,-0.01,-0.12,-0.13,-0.13,-0.16,-0.07,-0.02,-0.01,-0.05,-0.13,-0.13,0.02
0.16,-0.01,-0.05,0.07,0.21,0.12,0.07,-0.01,-0.2,0.09,0.18,0.12,0.16,0.15,0.24,0.15,0.02,0.02,0.16,0.09,0.2,0.13,-0.23,-0.23,0.23,0.05,-0.05,-0.02,-0.05,-0.09,-0.07,-0.02,-0.01,0.05,0.02,0.07,0.09,-0.01,-0.09,0.05,-0.05,-0.09,0.12,0.16,0.26,0.13,-0.38,-0.37,-0.23,-0.05,0.15,0.18,0.09,0.02,-0.05,-0.09,-0.34,-0.23,0.01,-0.02,-0.05,0.07,0.02,0.07,-0.04,-0.02,-0.01,-0.12,-0.16,-0.13,0.05,0.02,0.13,0.05,-0.12,-0.09,-0.1,-0.15,-0.16,-0.3,-0.09,0.04,0.05,-0.01,-0.2,-0.05,-0.16
0.23,0.09,0.02,0.16,0.2,0.05,0.02,-0.05,-0.05,0.18,0.07,0.02,0.15,0.16,0.1,0.18,0.15,0.12,0.15,-0.01,-0.16,-0.01,-0.12,-0.05,0.13,0.07,-0.09,-0.13,-0.07,-0.02,-0.05,-0.02,0.16,0.07,0.05,0.12,0.18,-0.01,0.05,0.09,0.1,-0.05,-0.02,0.27,0.16,0.05,-0.32,-0.26,-0.12,-0.01,0.24,0.16,0.07,0.01,-0.04,0.02,-0.27,-0.26,0.09,-0.04,0.04,0.05,0.05,0.05,0.09,0.09,0.05,-0.12,-0.16,-0.05,0.07,0.07,0.09,0.13,0.02,-0.2,-0.09,-0.24,-0.13,-0.38,-0.01,0.13,0.09,0.01,-0.23,0.02,-0.3
0.13,0.18,0.05,0.05,0.16,0.05,0.05,0.02,-0.02,0.05,-0.04,0.02,0.23,0.21,0.16,0.12,0.1,0.04,0.05,0.02,-0.26,-0.02,-0.09,-0.02,-0.02,0.02,-0.05,-0.09,-0.05,0.05,-0.05,-0.12,0.27,0.2,0.16,0.05,0.2,-0.07,0.2,0.09,-0.09,-0.02,0.27,0.29,0.13,-0.13,-0.12,-0.1,0.01,0.07,0.24,0.09,0.09,0.12,0.05,-0.09,-0.26,-0.21,-0.01,-0.01,-0.01,0.07,0.01,0.09,0.05,0.12,0.13,-0.02,-0.12,-0.02,-0.01,0.02,0.12,0.13,0.02,-0.01,0.01,-0.24,-0.12,-0.21,0.1,0.24,0.16,0.01,-0.2,-0.09,-0.02
0.09,0.1,0.01,0.09,0.21,0.12,0.05,0.01,0.05,-0.01,-0.05,0.09,0.34,0.24,0.13,0.04,-0.05,-0.12,-0.09,0.05,-0.13,-0.2,-0.23,-0.02,0.02,0.05,0.05,0.01,-0.02,-0.09,-0.18,-0.12,0.2,0.02,0.12,0.12,0.07,-0.07,0.24,0.07,-0.13,-0.2,0.2,0.24,0.15,-0.21,-0.3,-0.05,0.05,0.07,0.15,-0.01,0.02,0.13,0.04,-0.09,-0.09,-0.12,-0.12,-0.16,-0.05,0.02,0.02,-0.05,-0.02,0.16,0.27,0.18,-0.09,-0.07,-0.07,-0.05,0.05,0.24,0.12,0.02,-0.01,-0.27,-0.16,-0.09,0.09,0.2,0.09,-0.02,-0.16,-0.2,-0.2
0.09,0.1,0.09,0.05,0.09,0.12,0.1,0.02,0.02,0.12,0.04,0.02,0.27,0.27,0.13,0.02,-0.05,-0.26,-0.15,0.01,0.02,-0.2,-0.2,0.02,0.05,0.07,0.13,0.12,0.04,-0.1,-0.02,0.02,0.12,-0.05,0.05,0.04,-0.07,-0.01,0.13,0,0,-0.27,0.16,-0.05,0.16,-0.15,-0.24,0.01,0.12,0.1,0.09,0.01,0.05,0.23,0.07,0.02,-0.05,-0.07,-0.02,-0.04,0.05,0.09,0.09,-0.01,-0.13,-0.02,0.3,0.3,-0.04,-0.21,-0.2,-0.16,0.1,0.34,0.23,-0.15,-0.12,-0.16,-0.12,-0.05,0.05,0.1,0.09,0.05,-0.01,-0.2,-0.16
-0.02,0.05,0.12,0.13,0.07,0.02,0.09,0.05,0.07,0.2,0.2,0.01,-0.01,0.29,0.26,0.12,-0.04,-0.09,-0.01,0.02,-0.09,-0.23,-0.23,0.02,0.02,0.09,-0.01,-0.04,-0.01,-0.05,-0.05,-0.02,0.07,0.01,0.02,0.13,-0.02,-0.04,0.09,0.07,-0.05,-0.13,0.18,0,0.24,-0.04,-0.12,0.13,0.01,0.07,0.1,0.05,0.02,0.13,0.16,0.13,0.02,0.02,0.13,0.07,0.02,0.05,-0.01,-0.07,-0.21,-0.05,0.16,0.24,-0.02,-0.3,-0.1,-0.09,0.13,0.24,0.05,-0.13,-0.16,-0.12,-0.07,-0.05,0.09,0.09,0.09,0.13,0.02,-0.09,-0.1
-0.09,0.07,0.12,0.15,0.13,-0.01,-0.2,-0.09,0.09,0.23,0.27,0.09,-0.13,0.23,0.32,0.27,0.05,-0.12,-0.04,0.07,-0.1,-0.27,-0.13,0.13,0.07,-0.01,-0.04,-0.16,-0.01,0.12,0.05,0.09,0.12,-0.02,0.02,0.27,0.01,-0.02,0.05,0.1,-0.13,-0.13,0.05,0.09,-0.02,-0.02,0,-0.1,-0.01,0.15,0.15,-0.16,-0.05,0.16,0.3,0.12,-0.01,-0.02,0.12,0.12,0.12,0.05,-0.05,-0.09,-0.04,0.07,0.16,0.2,0.05,-0.2,-0.05,0.02,0.13,0.04,-0.01,-0.05,-0.1,-0.1,-0.01,-0.13,0.01,0.16,0.09,0.09,-0.01,0.07,0.07
-0.1,0.1,0.2,0.13,0.05,0.05,-0.15,-0.24,-0.05,0.37,0.45,0.27,-0.01,0.02,0.32,0.32,-0.01,-0.3,-0.23,0.05,0.05,-0.02,0.01,-0.01,0.16,0.09,-0.05,-0.12,0.05,0.15,0.15,0.23,0.12,-0.13,-0.2,0.29,0.1,0.15,0.05,-0.05,-0.12,-0.23,0.18,-0.01,0.07,0.02,0,0.07,-0.12,0.01,0.09,-0.02,-0.02,0.27,0.21,0.07,0.05,-0.02,0.02,0.01,0.1,0.05,-0.09,-0.09,-0.05,0.01,0.05,0.12,0.1,-0.09,-0.13,0.02,0.02,-0.13,0.13,-0.05,-0.12,-0.15,-0.07,-0.05,0.09,0.23,0.13,0.07,-0.02,0.05,0.12
-0.02,0.2,0.23,0.16,0.04,-0.01,-0.13,-0.02,-0.09,0.37,0.45,0.37,0.12,-0.05,0.38,0.24,-0.13,-0.45,-0.3,-0.12,0.05,0.12,0.07,0.12,0.32,0.13,-0.02,-0.09,0.05,0.2,0.24,0.2,0.05,-0.15,-0.27,0.02,0.12,0.1,-0.24,-0.07,-0.09,-0.27,-0.23,0.12,0.34,0.13,-0.09,0.23,0,-0.32,0.01,0.02,0.15,0.26,0.09,-0.01,-0.05,0.01,-0.02,0.12,0.07,-0.01,-0.01,-0.09,-0.12,-0.04,0.02,0.02,-0.01,-0.04,-0.12,-0.02,-0.01,-0.16,-0.02,-0.16,-0.02,-0.12,-0.07,0.12,0.16,0.18,0.01,0.05,0.12,0.02,0.1
0.09,0.18,0.2,0.15,-0.04,-0.15,-0.15,-0.07,0.1,0.24,0.29,0.2,0.16,0.18,0.27,0.18,-0.15,-0.46,-0.26,-0.2,0.05,0.16,0.01,0.26,0.49,0.27,-0.07,-0.16,-0.05,0.3,0.26,0.09,-0.02,-0.1,-0.12,0.02,0.12,-0.13,-0.27,-0.01,-0.01,-0.32,-0.34,0.27,0.34,0.41,-0.09,-0.21,0,0,-0.18,0.09,0.24,0.04,0.07,0.02,-0.07,-0.09,-0.05,0.07,0.04,0.09,0.05,0.02,0.02,-0.05,-0.04,-0.1,-0.1,-0.01,-0.04,0.04,-0.12,-0.29,-0.07,-0.12,-0.1,-0.12,-0.01,0.13,0.15,0.15,0.07,0.12,0.13,0.07,0.07
0.01,0.2,0.16,0.09,-0.09,-0.13,-0.09,0.07,0.12,0.12,0.18,0.09,0.16,0.15,0.18,0.29,-0.13,-0.38,-0.2,-0.1,0.05,0.13,0.13,0.37,0.4,0.27,-0.02,-0.2,-0.05,0.23,0.2,0.01,-0.04,-0.07,-0.18,-0.04,0.02,-0.12,-0.16,-0.05,-0.05,-0.26,-0.26,0.41,0.13,0.51,-0.12,-0.02,0.02,0.04,-0.2,0.05,0.15,0.15,0.07,0.09,-0.04,-0.13,-0.09,0.23,0.09,0.02,0.12,0.02,-0.01,-0.09,-0.2,-0.23,-0.01,0.05,0.05,0.07,-0.09,-0.26,-0.2,-0.18,-0.09,-0.05,-0.02,0.16,0.15,0.12,0.02,-0.01,0.02,0.1,0.1
