trunc-1.json
{"header": {"discipline":10,"disciplineName":"Oceanographic products","gribEdition":2,"gribLength":218191,"center":7,"centerName":"US National Weather Service - NCEP(WMC)","subcenter":0,"refTime":"2020-11-19T00:00:00.000Z","significanceOfRT":1,"significanceOfRTName":"Start of forecast","productStatus":0,"productStatusName":"Operational products","productType":1,"productTypeName":"Forecast products","productDefinitionTemplate":0,"productDefinitionTemplateName":"Analysis/forecast at horizontal level/layer at a point in time","parameterCategory":1,"parameterCategoryName":"Currents","parameterNumber":2,"parameterNumberName":"U_component_of_current","parameterUnit":"m.s-1","genProcessType":2,"genProcessTypeName":"Forecast","forecastTime":0,"surface1Type":1,"surface1TypeName":"Ground or water surface","surface1Value":0.0,"surface2Type":255,"surface2TypeName":"Missing","surface2Value":-9.999E-252,"gridDefinitionTemplate":0,"gridDefinitionTemplateName":"Latitude_Longitude","numberPoints":222480,"shape":6,"shapeName":"Earth spherical with radius of 6,371,229.0 m","gridUnits":"degrees","resolution":48,"winds":"true","scanMode":0,"nx":720,"ny":309,"basicAngle":0,"lo1":-179.5,"la1":77.0,"lo2":180.0,"la2":-77.0,"dx":0.5,"dy":0.5}, "data":
[rows 190 to 227 of 309, columns 430 to 515 of 720]
0,0,0,0,-0.26,0.01,0.16,0.16,0.18,0.29,0.44,0.65,0.82,0.66,0.29,0.13,0.3,0,0,0,0,0,0,0,0,0,0,0,0.01,-0.02,-0.2,-0.27,-0.12,-0.12,-0.04,0.04,0.13,0.13,0.09,0.16,0.1,0.09,0.13,0.18,0.01,0.02,0.15,0.01,-0.16,0.01,0.12,0.07,-0.24,-0.38,-0.34,-0.2,-0.07,0.01,-0.1,-0.15,-0.15,0.05,0.05,0.01,-0.1,-0.12,-0.06,0.09,0.12,0.13,0.27,0.29,0.13,0.09,0.16,0.27,0.3,0.35,0.29,0.27,0.27,0.27,0.09,-0.01,-0.2,-0.13
0,0,0,-0.37,0.05,0.15,0.21,0.24,0.23,0.27,0.6,0.84,1.04,0.98,0.73,0.19,0.23,0.23,0,0,0,0,0,0,0,0,0,0,-0.15,-0.15,-0.12,-0.12,0.04,0.15,0.38,0.55,0.57,0.34,0.05,0.02,0.13,0.02,0.13,0.37,0.48,0.27,0.01,-0.01,-0.06,0.13,0.19,-0.06,-0.07,-0.16,-0.18,-0.15,0.01,0.16,0.27,0.05,-0.01,-0.2,-0.16,-0.16,-0.06,-0.02,0.02,0.19,0.19,0.3,0.35,0.21,0.3,0.32,0.3,0.13,0.1,-0.02,-0.09,0.01,0.02,0.02,0.07,0.07,-0.02,0.01
0,0,-0.2,-0.13,0.05,-0.07,-0.18,-0.15,-0.16,0.09,0.62,0.98,0.99,0.98,0.77,0.27,-0.06,-0.02,0,0,0,0,0,0,0,0,0,0,-0.2,-0.12,-0.02,0.12,0.27,0.48,0.29,0.02,-0.18,-0.27,-0.37,-0.29,-0.02,-0.06,-0.09,-0.12,-0.24,-0.18,-0.34,-0.34,-0.16,-0.06,-0.09,-0.29,-0.06,0.09,0.05,0.15,-0.02,-0.09,0.05,0.12,-0.06,-0.07,-0.26,-0.29,0.02,0.23,0.23,0.26,0.3,0.46,0.46,0.34,0.13,0.09,-0.09,-0.16,-0.35,-0.4,-0.24,-0.18,0.01,0.01,0.01,0.12,0.07,0.29
-0.12,0.05,-0.16,-0.12,-0.16,-0.6,-0.73,-0.52,-0.46,-0.13,0.43,0.73,0.73,0.54,0.34,0.09,-0.45,-0.04,0,0,0,0,0,0,0,0,0,-0.07,-0.13,-0.07,-0.09,-0.18,-0.23,-0.52,-0.51,-0.49,-0.32,-0.27,-0.16,0.01,0.05,-0.04,-0.2,-0.23,-0.32,-0.37,-0.41,-0.45,-0.48,-0.15,-0.02,-0.12,-0.18,0.21,0.48,0.27,-0.13,-0.24,-0.16,-0.16,-0.24,-0.16,-0.24,-0.23,-0.09,0.1,0.13,0.3,0.27,0.13,0.16,0.16,-0.01,-0.02,-0.04,-0.16,-0.27,-0.26,-0.34,-0.38,-0.45,-0.23,-0.01,-0.1,-0.12,0.02
-0.34,-0.16,-0.12,-0.34,-0.56,-0.66,-0.88,-0.74,-0.52,-0.37,-0.27,-0.07,-0.23,-0.29,-0.63,-0.73,-0.1,0.18,0,0,0,0,0,0,0,0,0,-0.1,-0.16,-0.06,-0.15,-0.38,-0.43,-0.51,-0.43,-0.29,-0.1,-0.01,0.1,0.09,-0.2,-0.35,-0.37,-0.31,0,-0.01,-0.26,-0.31,-0.23,-0.27,-0.23,-0.06,-0.1,0.12,0.24,0.26,0.13,-0.2,-0.56,-0.35,-0.2,-0.16,-0.1,-0.12,-0.09,-0.01,0.02,0.05,0.07,0.12,0.05,0.04,-0.01,-0.13,0.02,-0.06,-0.23,-0.15,-0.09,-0.06,-0.13,-0.09,-0.31,-0.34,-0.24,-0.13
-0.13,-0.16,-0.16,-0.41,-0.62,-0.79,-0.7,-0.26,-0.01,-0.34,-0.85,-1.12,-1.09,-0.91,-0.4,0.1,-0.09,-0.13,0,0,0,0,0,0,0,0,0,-0.15,-0.23,-0.34,-0.41,-0.29,-0.34,-0.16,-0.07,0.01,0.05,0.02,0.04,-0.16,-0.43,-0.37,-0.26,-0.23,0,0.05,0.02,-0.12,-0.04,0.02,0.04,0.01,-0.06,-0.12,0.05,0.12,0.09,0.01,-0.13,-0.24,-0.24,-0.12,0.05,0.1,0.12,0.05,0.05,-0.01,0.12,-0.02,-0.2,-0.02,0.18,0.02,-0.06,-0.09,-0.04,0.01,0.04,0.04,0.02,-0.06,-0.2,-0.31,-0.27,-0.32
-0.37,0.04,-0.01,-0.12,-0.2,-0.15,-0.37,-0.38,-0.2,-0.31,-0.31,-0.46,-0.37,0.05,0.32,0.19,-0.16,0,0,0,0,0,0,0,0,0,-0.07,-0.31,-0.32,-0.52,-0.62,-0.49,-0.26,-0.32,-0.24,-0.02,0.12,0.23,0.02,-0.26,0,-0.2,-0.27,-0.23,-0.13,0.16,0.07,0.1,0.1,0.16,0.16,-0.21,-0.37,-0.26,-0.31,-0.24,-0.02,0.04,0.04,0.13,0.18,0.29,0.44,0.41,0.19,0.05,-0.02,-0.02,-0.13,-0.06,-0.13,-0.09,0.19,0.19,-0.02,-0.2,-0.18,0.05,0.18,0.26,0.13,0.16,0.18,-0.12,-0.24,-0.45
-0.24,0.21,0.05,0.24,0.18,0.37,0.62,0.16,-0.31,-0.4,-0.24,0.01,0.38,0.44,0.46,0.02,0,0,0,0,0,0,0,0,0,0,-0.13,-0.06,-0.16,-0.34,-0.35,-0.48,-0.46,-0.23,-0.02,0.12,0.37,0.13,-0.12,-0.24,-0.07,-0.2,-0.34,-0.16,-0.07,0.09,0.13,0.18,0.15,0.1,-0.15,-0.43,-0.31,-0.52,-0.52,-0.49,-0.29,-0.06,0.13,0.19,0.3,0.19,-0.06,-0.09,-0.04,-0.02,0.01,-0.06,-0.09,-0.07,0.01,0.09,0.29,0.23,0.18,0.12,0.01,-0.07,0.13,0.37,0.46,0.4,0.41,0.37,0.1,-0.13
-0.06,-0.04,0.1,0.27,0.82,1.18,1.23,0.98,0.38,0.23,0.23,0.27,0.38,0.44,0.18,-0.16,0,0,0,0,0,0,0,0,0,0,-0.02,0.02,0.16,0.12,-0.04,-0.07,0.19,0.13,0.13,0.3,-0.04,-0.13,-0.46,-0.34,-0.32,-0.1,-0.06,0.05,0.04,-0.02,-0.09,-0.13,-0.07,-0.13,-0.37,-0.34,-0.38,-0.49,-0.24,-0.23,-0.13,0.05,0.29,0.3,0.09,-0.01,-0.26,-0.29,-0.01,0.16,0.07,-0.04,-0.2,-0.2,0.01,0.51,0.73,0.66,0.51,0.55,0.46,0.3,0.19,0.27,0.27,0.43,0.54,0.6,0.59,0.26
0,-0.23,-0.31,-0.12,0.32,0.52,0.51,0.52,0.69,0.6,0.38,0.46,0.38,0.29,-0.09,-0.07,0,0,0,0,0,0,0,0,0,-0.09,-0.04,0.15,0.23,0.26,0.44,0.55,0.44,0.27,0.12,-0.16,-0.37,-0.48,-0.37,-0.1,-0.15,0.05,0.16,-0.07,0.05,-0.12,-0.31,-0.43,-0.51,-0.63,-0.43,-0.31,-0.24,-0.2,-0.1,-0.16,-0.31,-0.29,-0.27,-0.24,-0.27,-0.37,-0.37,-0.23,0.07,0.05,0.12,0.01,-0.09,-0.27,-0.35,-0.24,0.01,0.38,0.8,0.91,0.73,0.52,0.26,-0.06,-0.07,0.37,0.54,0.46,0.51,0.62
0,-0.31,-0.51,-0.23,0.16,0.27,-0.04,-0.09,0.3,0.48,0.59,0.4,0.35,0.1,-0.27,-0.16,0,0,0,0,0,0,0,0,0,-0.12,-0.02,-0.16,-0.16,-0.06,-0.06,0.09,0.12,0.12,-0.13,-0.45,-0.48,-0.63,-0.34,-0.27,-0.13,-0.01,-0.52,-0.27,-0.24,-0.23,-0.24,-0.48,-0.54,-0.48,-0.31,-0.06,0.13,0.1,-0.06,-0.21,-0.49,-0.52,-0.45,-0.49,-0.7,-0.68,-0.59,-0.45,-0.1,0.01,-0.04,-0.09,0.09,0.05,-0.09,-0.15,-0.16,-0.09,0.13,0.27,0.34,0.37,0.16,-0.18,-0.27,-0.23,-0.15,0.27,0.19,0.23
0,-0.18,-0.21,-0.2,-0.13,-0.04,-0.24,-0.26,0.13,0.44,0.05,-0.02,-0.04,0.02,-0.16,-0.02,-0.04,0,0,0,0,0,0,0,0,-0.24,-0.07,-0.2,-0.13,0.12,0.38,0.21,-0.02,0.05,-0.12,-0.32,-0.32,-0.16,-0.06,0.05,-0.18,-0.48,-0.46,-0.41,-0.27,-0.24,-0.13,-0.09,-0.32,-0.37,-0.16,-0.02,0.12,0.04,-0.2,-0.31,-0.41,-0.45,-0.43,-0.38,-0.56,-0.49,-0.4,-0.49,-0.41,-0.23,-0.24,-0.13,-0.02,0.02,0.1,0.02,-0.12,-0.15,-0.15,-0.09,0.1,0.02,0.16,0.21,0.07,-0.13,-0.18,-0.31,-0.27,-0.06
0,-0.02,-0.09,-0.59,-1.01,-1.1,-0.37,0.13,0.07,-0.06,-0.32,-0.4,-0.46,-0.31,-0.13,-0.07,0.05,0,0,0,0,0,0,0,0,-0.12,-0.2,0.09,0.34,0.44,0.44,0.18,0.02,0.05,0.12,-0.06,-0.06,-0.24,-0.41,-0.52,-0.49,-0.31,-0.23,0.02,0.01,-0.04,0.09,0.16,0.12,-0.09,0.05,-0.02,-0.02,0.02,-0.01,-0.04,-0.38,-0.48,-0.37,-0.23,-0.23,-0.34,-0.34,-0.29,-0.27,-0.45,-0.56,-0.48,-0.2,0.24,0.48,0.35,0.02,-0.24,-0.15,-0.15,0.05,0.38,0.49,0.4,0.34,0.16,-0.02,-0.34,-0.38,-0.18
-0.04,0.19,0.09,-0.32,-0.7,-0.57,-0.37,-0.16,-0.13,-0.15,-0.27,-0.37,-0.21,0.04,0.19,0.18,0.3,0,0,0,0,0,0,0,-0.23,-0.04,0.4,0.43,0.34,0.41,0.24,0.24,0.24,0.13,0.05,-0.16,-0.1,-0.13,-0.34,-0.31,-0.18,-0.1,-0.16,-0.27,-0.2,-0.09,-0.07,0.01,-0.12,0.05,-0.09,-0.38,-0.34,0.02,0.24,0.23,0.19,-0.12,-0.29,-0.12,0.05,-0.06,-0.18,-0.27,-0.16,0.01,-0.13,-0.2,0.13,0.37,0.35,0.15,-0.02,-0.24,-0.38,-0.46,-0.31,0.01,0.32,0.59,0.69,0.63,0.26,0.01,0.02,0.04
0.02,0.26,0.35,0.13,-0.15,-0.34,-0.16,-0.12,-0.09,-0.26,-0.34,-0.51,-0.43,-0.34,0.12,0.05,0.02,0.04,0,0,0,0,0,0,-0.51,0.23,0.41,0.18,-0.2,-0.35,-0.27,-0.06,-0.02,-0.12,-0.16,-0.12,-0.16,-0.06,0.01,0.09,-0.06,-0.09,-0.1,-0.27,-0.35,-0.27,-0.4,-0.51,-0.27,-0.27,-0.38,-0.48,-0.51,-0.45,-0.16,0.12,0.24,0.09,-0.13,-0.2,-0.07,0.15,0.09,0.02,0.23,0.19,0.16,-0.01,-0.07,-0.38,-0.43,-0.26,-0.16,-0.2,-0.27,-0.27,-0.23,-0.07,0.02,0.19,0.19,0.3,0.32,0.13,0.3,0.26
0.26,0.62,0.43,0.24,0.01,-0.06,0.02,0.1,-0.09,-0.12,-0.24,-0.27,-0.34,-0.48,-0.32,-0.37,-0.52,-0.04,-0.13,0,0,-0.16,-0.24,-1.09,-0.16,-0.13,-0.23,-0.49,-0.34,-0.31,-0.2,-0.13,0.02,-0.02,-0.1,-0.18,-0.41,-0.02,0.01,0.04,0.04,-0.02,0.09,-0.09,-0.26,-0.21,-0.38,-0.38,-0.37,-0.27,-0.51,-0.48,-0.43,-0.37,-0.27,-0.18,-0.02,-0.09,-0.13,-0.2,-0.18,0.05,0.26,0.26,0.29,-0.02,0.09,-0.07,-0.41,-0.9,-0.81,-0.48,-0.13,0.04,-0.04,-0.07,0.02,0.05,-0.07,-0.09,-0.23,-0.18,-0.12,0.01,0.16,0.05
0.3,0.29,0.29,0.13,0.02,0.05,-0.16,-0.24,-0.29,-0.24,-0.2,-0.21,-0.16,-0.52,-0.84,-0.77,-1.16,-0.79,-0.27,-0.46,-0.51,-1.01,-0.96,-0.74,-0.54,-0.18,-0.48,-0.71,-0.56,-0.29,-0.18,-0.15,-0.16,0.19,0.16,-0.01,0.07,0.1,0.23,0.23,0.27,0.3,0.38,0.12,-0.02,-0.24,-0.12,-0.12,-0.18,-0.23,-0.29,-0.24,-0.21,-0.23,-0.43,-0.41,-0.41,-0.34,-0.24,-0.13,0.02,0.07,0.16,0.1,-0.26,-0.31,-0.02,-0.06,-0.27,-0.43,-0.34,-0.06,0.13,0.13,0.1,0.1,0.12,0.12,-0.13,-0.31,-0.32,-0.34,-0.27,-0.24,-0.12,0.05
-0.57,-0.81,-0.63,-0.24,0.05,0.1,-0.26,-0.2,-0.16,-0.26,-0.24,-0.23,-0.23,-0.49,-0.34,-0.41,-0.32,-0.45,-0.73,-0.95,-1.02,-0.7,-0.06,0.23,0.12,-0.06,-0.34,-0.21,-0.15,-0.06,-0.18,-0.15,-0.24,-0.01,0.19,0.23,0.52,0.48,0.27,0.13,0.05,0.23,0.44,0.55,0.07,-0.12,-0.16,0.13,0.3,0.41,0.38,0.37,0.35,0.23,0.01,-0.31,-0.26,-0.26,-0.27,0.01,-0.07,-0.16,-0.2,-0.23,-0.43,-0.48,-0.46,-0.01,0.07,0.1,0.13,0.01,-0.01,0.02,0.04,0.02,0.05,0.37,0.02,-0.26,-0.31,-0.32,-0.48,-0.38,-0.31,0.01
-0.74,-0.88,-0.66,0.02,0.34,0.23,-0.1,0.02,0.05,0.13,0.37,-0.01,-0.09,-0.06,-0.23,0.37,0.51,0.01,-0.7,-1.02,-0.81,-0.09,-0.13,-0.09,0.09,0.12,-0.01,-0.23,-0.57,-0.49,-0.15,-0.09,-0.16,0.01,-0.09,-0.23,-0.12,0.09,0.23,0.27,0.41,0.57,0.6,0.13,-0.02,-0.07,-0.06,0.21,0.24,0.34,0.23,0.16,0.12,0.26,0.19,0.12,0.1,-0.13,-0.2,-0.45,-0.71,-0.56,-0.31,-0.41,-0.27,-0.15,-0.29,-0.23,0.05,0.43,0.19,-0.18,-0.31,-0.24,-0.34,-0.12,0.18,-0.04,0.04,-0.1,-0.2,-0.43,-0.31,-0.23,-0.21,-0.13
-0.38,-0.21,0.12,-0.09,-0.18,-0.16,0.01,0.13,0.09,0.27,0.55,0.74,0.8,0.29,-0.02,-0.13,-0.07,-0.23,-0.37,-0.6,-0.62,-0.34,-0.26,-0.41,-0.24,-0.21,-0.18,-0.06,-0.06,-0.09,-0.2,-0.06,-0.07,-0.45,-0.2,-0.18,0.12,0.48,0.44,0.23,-0.21,-0.31,-0.27,-0.26,-0.34,-0.06,0.13,-0.12,-0.23,-0.38,-0.13,0.01,-0.09,-0.1,-0.27,-0.21,-0.15,-0.16,-0.16,-0.4,-0.48,-0.43,-0.45,-0.2,-0.31,-0.31,-0.31,0.04,0.23,0.01,-0.27,-0.35,-0.4,-0.54,-0.45,-0.06,-0.09,-0.41,-0.2,0.02,-0.04,-0.12,0.01,0.02,-0.06,-0.13
-0.49,-0.57,-0.18,-0.09,-0.13,-0.16,0.04,0.05,0.23,0.16,0.16,0.29,0.16,0.13,0.01,-0.02,-0.2,-0.51,-0.52,-0.49,-0.21,0.09,0.24,0.13,-0.18,-0.43,-0.09,0.26,0.68,0.44,-0.13,-0.37,-0.43,-0.57,-0.32,-0.38,-0.43,-0.21,-0.32,-0.31,-0.34,-0.34,-0.43,-0.46,-0.29,-0.13,-0.34,-0.24,-0.27,-0.21,-0.23,-0.12,-0.06,-0.23,-0.21,-0.13,-0.23,-0.09,0.13,0.09,-0.02,0.05,-0.1,-0.12,-0.27,-0.41,-0.23,0.07,0.02,-0.16,-0.35,-0.31,-0.63,-0.73,-0.56,-0.59,-0.45,-0.23,-0.27,-0.01,0.23,0.13,0.13,0.18,0.04,-0.09
-0.12,0.13,0.07,0.13,0.19,0.13,0.1,0.12,0.26,0.04,-0.09,-0.24,-0.23,-0.12,-0.16,0.01,-0.45,-0.87,-0.59,-0.77,-0.59,-0.09,0.23,-0.06,-0.23,-0.13,0.13,0.15,0.19,0.07,-0.15,-0.4,-0.41,-0.31,-0.1,-0.09,-0.27,-0.29,-0.2,-0.24,-0.26,-0.31,-0.27,-0.37,-0.29,-0.31,-0.31,-0.38,-0.18,0.09,0.02,0.21,0.02,0.07,-0.04,-0.09,-0.06,-0.01,0.19,0.27,0.26,0.1,-0.01,-0.12,-0.29,-0.29,-0.31,-0.27,-0.16,-0.34,-0.4,-0.37,-0.49,-0.37,-0.31,-0.13,-0.09,-0.16,-0.09,-0.1,0.02,0.19,0.29,0.24,0.09,0.05
0.26,0.01,-0.2,-0.31,-0.24,-0.12,-0.09,0.19,0.27,0.16,-0.12,-0.27,-0.35,-0.2,-0.02,-0.04,-0.84,-0.59,-0.32,-0.32,-0.18,-0.45,-0.38,-0.43,-0.27,0.05,0.24,0.26,0.01,-0.02,-0.2,-0.23,-0.13,-0.12,0.02,0.13,0.05,-0.06,0.12,0.12,-0.09,0.05,0.1,0.05,-0.07,-0.13,-0.02,-0.02,0.26,0.4,0.44,0.12,0.07,0.04,0.13,-0.02,-0.09,-0.13,-0.06,0.12,0.16,0.13,-0.06,-0.16,-0.12,-0.2,-0.12,-0.31,-0.38,-0.4,-0.26,-0.15,-0.16,0.09,0.21,0.13,0.12,0.02,0.09,-0.24,0.04,0.09,0.12,0.19,0.07,0.23
-0.37,-0.32,-0.41,-0.24,-0.18,-0.02,-0.02,-0.02,0.05,-0.34,-0.34,-0.37,-0.31,-0.2,-0.13,-0.48,-0.62,-0.16,0.16,0.27,0.49,0.02,-0.2,-0.24,-0.16,-0.12,0.09,0.13,0.04,0.27,0.32,0.12,0.09,0.18,0.13,0.1,0.01,-0.18,0.05,0.02,0.07,-0.01,0.15,0.23,0.26,0.1,0.15,0.1,-0.23,-0.15,-0.01,-0.09,-0.16,-0.02,0.02,-0.06,0.01,-0.02,0.09,0.24,0.29,0.16,0.19,-0.09,-0.01,0.23,0.26,-0.18,-0.34,-0.31,-0.27,-0.23,-0.1,0.12,0.37,0.09,-0.38,-0.59,-0.24,-0.52,-0.51,-0.35,-0.34,0.05,0.01,-0.16
-0.38,-0.37,-0.52,-0.41,-0.24,0.09,0.04,-0.16,-0.49,-0.7,-0.99,-0.66,-0.73,-0.7,-0.81,-0.81,-0.23,0.15,0.52,0.76,0.79,0.3,-0.12,-0.24,-0.2,-0.02,-0.1,-0.27,-0.21,-0.23,0.21,0.32,0.35,0.35,0.02,-0.01,0.19,0.21,0.16,0.15,0.26,0.12,0.01,0.04,0.23,0.38,0.27,-0.02,-0.26,-0.56,-0.16,-0.12,-0.18,-0.15,-0.26,-0.13,-0.04,0.01,-0.23,0.05,0.26,0.18,0.02,-0.1,-0.26,-0.12,-0.02,0.04,-0.02,-0.04,0.09,0.01,0.12,0.29,0.16,-0.2,-0.04,-0.48,-0.76,-0.73,-0.52,-0.38,0.13,0.19,0.07,0.13
-0.1,-0.16,0.02,-0.21,-0.37,-0.4,-0.23,-0.38,-0.74,-0.87,-0.62,-0.59,-0.59,-0.81,-0.71,-0.49,-0.23,0.09,0.44,0.91,0.88,0.34,-0.04,-0.27,-0.15,-0.24,-0.13,-0.27,-0.23,-0.23,-0.13,0.19,0.37,0.23,0.26,0.41,0.3,0.15,0.02,-0.06,0.02,0.05,0.04,-0.06,0.19,-0.09,-0.26,-0.12,0.12,0.16,-0.04,0.05,-0.21,-0.18,-0.24,-0.09,0.05,0.09,0.09,-0.01,0.01,0.16,0.27,0.05,-0.07,0.05,-0.02,0.01,0.15,0.27,-0.04,0.15,0.3,0.26,0.41,0.59,0.34,0.01,0.02,0.16,0.27,0.18,0.21,0.24,0.3,0.34
0.24,0.23,0.24,0.04,-0.2,-0.34,-0.26,-0.23,-0.34,-0.51,-0.65,-0.46,-0.49,-0.06,-0.15,-0.23,0.27,0.52,0.57,0.29,0.01,-0.09,0.09,-0.12,-0.27,-0.24,-0.32,-0.35,-0.51,-0.2,0.05,0.26,0.24,0.19,0.18,0.02,-0.02,-0.09,-0.1,-0.18,-0.09,0.12,0.13,0.07,0.07,0.01,0.13,0.23,0.27,0.16,0.13,0.24,0.38,0.38,0.49,0.48,0.27,0.09,-0.12,-0.35,-0.43,-0.24,-0.01,-0.07,0.01,0.23,0.09,0.09,0.12,-0.18,0.1,0.12,0.13,0.15,0.07,0.26,0.21,0.35,0.34,0.44,0.24,0.3,0.3,0.18,-0.12,0.07
-0.04,0.04,0.09,-0.26,-0.23,-0.31,-0.16,-0.12,-0.18,-0.13,-0.16,-0.06,-0.16,-0.09,0.19,0.27,0.02,-0.37,-0.31,-0.21,-0.16,0.07,0.02,0.15,-0.1,-0.31,-0.54,-0.41,-0.63,-0.71,-0.7,-0.48,-0.29,-0.16,-0.13,0.05,0.02,-0.1,-0.45,-0.54,-0.41,-0.01,0.09,0.15,0.32,0.12,0.09,0.26,0.35,0.26,-0.01,0.27,0.27,0.38,0.37,0.23,0.05,0.09,-0.06,-0.29,-0.23,-0.09,-0.06,0.05,0.19,0.05,0.02,0.09,-0.06,-0.13,-0.02,0.18,0.23,0.12,0.05,0.05,0.26,0.37,0.44,0.38,0.34,0.29,0.16,-0.06,-0.2,-0.16
0.15,0.18,0.16,-0.41,-0.45,-0.09,-0.13,-0.12,-0.07,0.13,-0.04,-0.09,-0.13,-0.16,-0.12,-0.04,-0.38,-0.57,-0.74,-0.74,-0.57,-0.35,-0.26,0.01,0.21,-0.02,-0.12,-0.38,-0.34,-0.29,-0.31,-0.31,-0.24,-0.24,-0.23,-0.18,0.09,0.07,0.01,0.13,0.13,-0.04,0.16,0.23,0.13,0.34,0.38,0.34,0.07,0.23,0.29,0.01,0.23,0.1,0.04,0.13,0.26,0.29,0.27,0.15,0.26,0.19,0.15,0.37,0.19,0.09,0.19,0.16,-0.07,-0.34,-0.04,0.35,0.05,-0.1,-0.18,-0.02,0.12,0.16,0.19,-0.04,-0.1,0.05,0.12,-0.16,-0.02,-0.01
-0.15,-0.07,-0.06,-0.62,-0.73,-0.56,-0.16,-0.07,-0.01,0.1,0.12,0.04,-0.01,-0.16,-0.13,-0.26,-0.45,-0.38,-0.31,-0.31,-0.34,-0.02,-0.09,0.18,0.49,0.41,0.38,0.12,0.21,0.02,-0.23,-0.35,-0.07,0.27,0.34,0.01,-0.26,0.02,0.27,0.26,0.12,0.23,0.12,0.18,0.32,0.16,0.21,0.37,0.12,0.13,-0.04,-0.1,-0.31,-0.29,-0.24,0.04,0.13,0.01,0.27,0.38,0.27,0.09,0.16,0.12,0.09,0.02,0.18,0.26,0.19,0.37,0.21,0.01,-0.16,-0.15,-0.26,-0.06,-0.12,-0.12,-0.06,-0.23,-0.06,-0.18,-0.06,-0.01,0.07,-0.21
-0.16,-0.12,-0.21,-0.32,-0.31,-0.4,-0.34,-0.09,-0.23,0.13,0.1,0.09,0.23,0.12,0.13,0.09,-0.04,0.02,0.07,-0.12,-0.43,-0.63,-0.52,-0.09,0.1,0.09,0.23,0.44,0.44,0.12,0.01,-0.13,-0.2,-0.18,0.13,0.34,0.12,0.12,0.1,0.09,0.23,0.18,0.02,-0.02,-0.16,-0.04,0.18,0.24,0.26,0.16,0.13,-0.02,-0.37,-0.48,-0.27,-0.09,-0.18,0.15,0.4,0.49,0.24,0.02,-0.13,0.05,0.27,0.09,-0.06,0.12,0.38,0.51,0.23,-0.13,0.05,0.32,0.23,0.04,-0.01,-0.09,-0.24,-0.12,-0.2,-0.02,0.02,0.01,0.09,0.05
-0.01,-0.06,0.01,0.1,0.34,0.44,0.34,0.15,0.16,-0.06,0.18,0.13,0.13,0.01,-0.02,0.26,0.27,-0.01,-0.06,-0.09,-0.2,-0.32,-0.45,-0.24,-0.02,0.12,0.16,0.16,0.32,0.38,0.23,0.27,0.12,-0.16,-0.02,0.16,0.29,0.01,0.13,0.07,-0.07,-0.27,-0.13,-0.06,-0.07,0.1,0.18,0.26,0.12,0.1,0.26,0.21,0.26,0.12,-0.04,0.02,0.13,-0.13,-0.09,0.04,0.23,0.38,0.26,0.02,0.05,0.16,0.26,0.34,0.16,0.04,0.07,0.02,0.01,0.01,0.12,0.12,0.13,0.12,0.04,0.01,0.12,0.02,-0.13,-0.04,0.15,0.27
0.01,0.19,0.3,0.38,0.66,0.66,0.6,0.26,0.29,0.09,-0.04,0.21,0.23,0.21,0.16,0.04,0.09,-0.04,-0.1,-0.15,0.15,0.1,-0.04,-0.27,-0.24,-0.2,-0.18,0.04,0.07,0.19,0.37,0.38,0.27,0.12,0.02,-0.01,-0.13,0.13,-0.02,-0.09,-0.12,-0.56,-0.46,-0.23,0.12,-0.13,-0.06,0.02,0.16,0.13,0.3,0.38,0.48,0.6,0.34,0.13,0.05,0.15,0.16,0.09,0.13,0.29,0.21,0.09,0.12,0.01,0.13,0.01,0.02,-0.04,-0.13,-0.16,-0.2,-0.16,-0.13,-0.09,0.02,0.01,0.21,0.26,0.18,0.15,0.3,0.23,0.23,0.05
-0.46,-0.4,0.13,0.29,0.35,0.38,0.09,0.15,0.04,-0.16,-0.13,-0.2,0.01,0.15,0.02,-0.06,0.13,0.12,0.1,0.09,0.13,0.3,0.29,-0.06,-0.37,-0.38,-0.29,-0.35,-0.09,0.12,-0.1,-0.06,0.29,0.18,-0.09,-0.02,0.01,-0.04,0.12,0.1,0.13,0.35,0.26,0.24,0.09,0.16,0.19,0.16,0.01,-0.04,0.02,0.19,0.35,0.55,0.3,0.04,0.01,0.01,-0.01,-0.29,-0.23,-0.09,-0.02,0.09,0.23,0.13,0.07,-0.02,0.13,0.26,0.15,-0.06,0.02,-0.01,-0.01,0.01,0.05,0.12,0.02,0.05,0.12,0.13,0.16,0.12,-0.21,-0.06
-0.54,-0.41,-0.52,0.12,0.13,-0.16,-0.41,-0.41,-0.24,-0.34,-0.54,-0.37,-0.06,-0.02,-0.06,0.13,0.09,0.29,0.38,0.4,0.37,0.29,0.34,0.34,0.12,-0.01,-0.07,0.09,0.01,0.12,0.02,-0.18,-0.23,-0.09,-0.23,-0.38,-0.45,-0.12,0.01,-0.16,-0.02,0.16,0.69,0.38,0.26,0.48,0.3,0.16,-0.13,0.01,0.13,0.34,0.32,0.41,0.44,0.16,-0.23,-0.35,-0.37,-0.09,0.01,-0.01,-0.15,-0.16,-0.26,-0.06,0.23,0.4,0.23,0.07,0.23,0.13,-0.07,-0.02,0.05,0.09,0.05,-0.06,-0.09,-0.06,-0.27,-0.09,-0.02,0.07,0.13,0.02
-0.2,-0.13,-0.21,-0.41,0.05,0.02,-0.12,-0.37,-0.63,-0.66,-0.38,-0.27,-0.56,-0.31,-0.09,-0.04,-0.06,0.19,0.4,0.41,0.34,0.3,0.12,0.19,0.3,0.19,0.19,0.26,0.13,0.1,0.16,0.27,0.44,0.26,-0.04,-0.13,-0.48,-0.23,-0.26,-0.07,-0.1,0.13,0.04,-0.04,0.05,-0.09,-0.06,0.09,0.04,0.02,0.09,-0.09,0.23,0.24,0.26,0.34,0.26,0.15,0.27,0.13,0.02,0.18,0.16,0.09,0.13,0.12,0.12,-0.02,0.21,0.34,0.12,0.1,-0.09,0.01,0.1,0.13,0.16,0.12,-0.06,-0.15,-0.12,-0.26,-0.12,-0.13,-0.09,0.05
0.24,0.32,0.26,-0.24,-0.37,0.02,0.02,0.07,-0.07,-0.04,0.04,-0.04,0.13,0.38,0.6,0.59,0.3,0.44,0.26,0.15,0.23,0.15,0.12,0.07,0.13,0.26,0.48,0.57,0.34,0.16,0.41,0.52,0.43,0.05,0.05,0.19,0.12,-0.16,-0.07,-0.12,0.16,0.52,-0.13,-0.02,-0.02,-0.02,-0.15,-0.06,0.07,-0.16,0.1,0.01,-0.2,0.01,0.12,0.02,0.23,0.34,0.48,0.44,0.54,0.48,0.59,0.41,0.23,0.12,0.13,0.05,0.05,0.27,0.3,0.13,0.09,0.21,0.21,0.24,0.12,0.18,0.13,-0.06,-0.01,0.02,-0.01,0.01,-0.24,-0.04
0.55,0.59,0.27,-0.09,-0.35,-0.18,-0.02,-0.07,0.16,0.18,0.23,0.23,0.48,0.66,0.69,0.41,0.27,-0.09,0.1,0.24,0.15,0.23,0.16,-0.04,0.02,0.16,0.8,0.73,0.23,0.05,-0.24,-0.4,-0.37,-0.38,-0.16,0.02,0.21,0.12,0.07,0.41,0.68,0.12,0.02,0.12,0.26,0.43,0.18,0.16,0.07,0.12,-0.01,0.12,0.27,0.27,0.09,0.12,0.37,0.37,0.19,0.38,0.51,0.24,0.05,0.12,0.27,0.23,0.02,-0.13,-0.13,-0.09,-0.02,0.15,0.16,0.3,0.18,0.04,0.02,0.27,0.44,0.16,0.12,0.16,0.16,0.37,0.29,0.09
