trunc-1.json
{"header": {"discipline":10,"disciplineName":"Oceanographic products","gribEdition":2,"gribLength":218191,"center":7,"centerName":"US National Weather Service - NCEP(WMC)","subcenter":0,"refTime":"2020-11-19T00:00:00.000Z","significanceOfRT":1,"significanceOfRTName":"Start of forecast","productStatus":0,"productStatusName":"Operational products","productType":1,"productTypeName":"Forecast products","productDefinitionTemplate":0,"productDefinitionTemplateName":"Analysis/forecast at horizontal level/layer at a point in time","parameterCategory":1,"parameterCategoryName":"Currents","parameterNumber":2,"parameterNumberName":"U_component_of_current","parameterUnit":"m.s-1","genProcessType":2,"genProcessTypeName":"Forecast","forecastTime":0,"surface1Type":1,"surface1TypeName":"Ground or water surface","surface1Value":0.0,"surface2Type":255,"surface2TypeName":"Missing","surface2Value":-9.999E-252,"gridDefinitionTemplate":0,"gridDefinitionTemplateName":"Latitude_Longitude","numberPoints":222480,"shape":6,"shapeName":"Earth spherical with radius of 6,371,229.0 m","gridUnits":"degrees","resolution":48,"winds":"true","scanMode":0,"nx":720,"ny":309,"basicAngle":0,"lo1":-179.5,"la1":77.0,"lo2":180.0,"la2":-77.0,"dx":0.5,"dy":0.5}, "data":
[rows 114 to 151 of 309, columns 0 to 85 of 720]
0.29,0.27,0.3,0.34,0.27,0.12,0.1,0.02,0.13,0.12,0.05,0.01,0.02,0.01,0.02,-0.06,-0.04,0.01,0.07,-0.12,-0.24,-0.2,-0.15,-0.09,0.09,0.24,0.26,0.34,0.23,0.23,0.24,0.26,0.24,0.1,0.1,0.05,-0.02,-0.09,-0.16,-0.34,-0.27,-0.24,-0.32,-0.32,-0.2,-0.06,0.02,0.09,0,0.02,-0.12,-0.24,-0.09,0.12,0.04,-0.02,-0.1,-0.23,-0.24,-0.16,-0.18,-0.13,-0.15,-0.18,-0.09,0.02,-0.02,-0.04,-0.15,-0.2,-0.02,0.01,-0.02,-0.12,-0.2,-0.23,-0.27,-0.23,-0.21,-0.06,-0.06,-0.06,-0.13,-0.16,-0.16,-0.12
0.26,0.19,0.23,0.27,0.18,0.15,0.19,0.21,0.27,0.27,0.15,-0.06,-0.2,-0.09,-0.09,-0.12,-0.02,-0.04,-0.06,-0.06,-0.12,-0.1,-0.02,0.01,0.02,0.1,0.15,0.16,0.13,0.12,0.13,0.01,-0.09,-0.07,0.01,-0.02,-0.06,-0.13,-0.2,-0.01,-0.07,-0.02,-0.09,-0.07,-0.02,0.05,0.3,0.02,0,0,-0.01,-0.12,0.01,-0.12,-0.13,-0.2,-0.23,-0.27,-0.41,-0.35,-0.24,-0.21,-0.15,-0.07,-0.02,0.02,-0.09,-0.12,-0.16,-0.13,-0.06,-0.02,-0.02,-0.12,-0.18,-0.15,-0.15,-0.18,-0.2,-0.16,-0.12,-0.06,-0.1,-0.13,-0.13,-0.13
-0.09,-0.13,-0.16,-0.26,-0.26,-0.16,-0.04,0.05,0.02,0.02,-0.01,-0.13,-0.18,-0.2,-0.24,-0.23,-0.18,-0.16,-0.2,-0.13,-0.06,-0.06,0.02,0.13,-0.06,-0.13,-0.13,-0.06,0.01,-0.06,-0.12,-0.2,-0.26,-0.27,-0.27,-0.23,-0.23,-0.13,-0.01,-0.02,-0.07,-0.09,-0.06,0.1,-0.06,-0.21,-0.48,-0.2,-0.09,-0.12,0.05,0.04,-0.09,-0.15,-0.16,-0.26,-0.23,-0.2,-0.24,-0.24,-0.27,-0.27,-0.21,-0.09,-0.12,-0.13,-0.2,-0.27,-0.2,-0.2,-0.2,-0.12,-0.04,-0.01,-0.02,-0.07,-0.06,0.01,-0.07,-0.06,-0.06,-0.07,-0.13,-0.16,-0.24,-0.34
-0.34,-0.37,-0.41,-0.43,-0.41,-0.37,-0.34,-0.23,-0.2,-0.2,-0.24,-0.2,-0.2,-0.26,-0.27,-0.41,-0.41,-0.23,-0.09,-0.09,-0.01,0.16,0.19,0.05,-0.02,-0.09,-0.09,-0.09,-0.13,-0.23,-0.2,-0.2,-0.23,-0.27,-0.34,-0.29,-0.13,0.04,0.3,0.16,-0.12,-0.23,0.01,0.07,0.02,-0.02,-0.23,-0.15,0.02,0.02,-0.12,-0.09,-0.13,-0.24,-0.34,-0.24,-0.16,-0.07,0.05,-0.07,-0.21,-0.31,-0.32,-0.37,-0.38,-0.43,-0.37,-0.31,-0.41,-0.31,-0.16,-0.12,-0.15,-0.18,-0.12,-0.02,-0.04,-0.01,0.12,0.13,0.02,-0.01,-0.1,-0.24,-0.34,-0.41
-0.51,-0.41,-0.27,-0.27,-0.24,-0.24,-0.31,-0.41,-0.38,-0.34,-0.2,-0.15,-0.13,-0.09,-0.15,-0.35,-0.56,-0.37,-0.2,-0.09,-0.02,-0.12,-0.2,-0.09,-0.09,-0.09,-0.12,-0.1,-0.2,-0.31,-0.34,-0.24,-0.23,-0.27,-0.32,-0.24,-0.13,-0.06,0.01,0.01,-0.12,-0.18,-0.09,-0.07,-0.09,-0.09,0.01,0.01,-0.04,-0.12,-0.16,-0.13,-0.18,-0.24,-0.27,-0.18,-0.09,0.13,0.13,-0.07,-0.13,-0.16,-0.24,-0.24,-0.4,-0.38,-0.37,-0.32,-0.2,-0.24,-0.29,-0.45,-0.43,-0.27,-0.13,-0.12,-0.09,0.02,0.07,0.01,0.02,0.02,-0.09,-0.21,-0.34,-0.34
-0.35,-0.37,-0.34,-0.24,-0.24,-0.31,-0.35,-0.37,-0.27,-0.2,-0.24,-0.16,-0.12,-0.12,-0.15,-0.15,-0.35,-0.34,-0.26,-0.26,-0.37,-0.34,-0.35,-0.27,-0.24,-0.23,-0.29,-0.27,-0.31,-0.31,-0.37,-0.38,-0.27,-0.13,-0.13,-0.2,-0.26,-0.45,-0.54,-0.46,-0.31,-0.24,-0.26,-0.34,-0.43,-0.38,-0.31,-0.23,-0.16,-0.16,-0.16,-0.23,-0.16,-0.2,-0.23,-0.2,-0.12,-0.06,-0.01,-0.06,-0.09,-0.09,-0.2,-0.24,-0.26,-0.24,-0.23,-0.1,0.01,-0.06,-0.27,-0.38,-0.29,-0.24,-0.24,-0.13,-0.13,-0.09,-0.16,-0.13,-0.23,-0.23,-0.18,-0.15,-0.2,-0.2
-0.23,-0.23,-0.27,-0.27,-0.23,-0.24,-0.31,-0.29,-0.31,-0.41,-0.45,-0.4,-0.38,-0.32,-0.24,-0.34,-0.34,-0.35,-0.32,-0.41,-0.23,-0.16,-0.2,-0.24,-0.29,-0.56,-0.52,-0.51,-0.37,-0.16,-0.2,-0.34,-0.41,-0.27,-0.16,-0.26,-0.34,-0.6,-0.74,-0.73,-0.54,-0.37,-0.46,-0.54,-0.66,-0.63,-0.52,-0.41,-0.27,-0.27,-0.16,-0.21,-0.31,-0.31,-0.34,-0.24,-0.46,-0.49,-0.37,-0.31,-0.24,-0.18,-0.18,-0.24,-0.2,-0.2,-0.23,-0.16,-0.15,-0.26,-0.31,-0.35,-0.29,-0.32,-0.31,-0.24,-0.29,-0.31,-0.35,-0.43,-0.49,-0.46,-0.38,-0.29,-0.24,-0.26
-0.27,-0.32,-0.27,-0.26,-0.24,-0.29,-0.37,-0.37,-0.41,-0.48,-0.49,-0.57,-0.59,-0.73,-0.73,-0.59,-0.54,-0.49,-0.38,-0.31,-0.21,-0.32,-0.37,-0.35,-0.35,-0.52,-0.46,-0.34,-0.16,-0.1,-0.2,-0.31,-0.45,-0.45,-0.34,-0.38,-0.45,-0.37,-0.34,-0.38,-0.4,-0.56,-0.66,-0.7,-0.7,-0.7,-0.65,-0.45,-0.45,-0.37,-0.31,-0.26,-0.35,-0.43,-0.34,-0.37,-0.48,-0.63,-0.68,-0.57,-0.41,-0.29,-0.21,-0.21,-0.18,-0.16,-0.21,-0.21,-0.29,-0.34,-0.27,-0.29,-0.37,-0.38,-0.38,-0.38,-0.51,-0.54,-0.7,-0.77,-0.73,-0.56,-0.45,-0.38,-0.45,-0.38
-0.41,-0.48,-0.41,-0.27,-0.26,-0.37,-0.46,-0.43,-0.29,-0.29,-0.41,-0.56,-0.66,-0.65,-0.49,-0.34,-0.29,-0.34,-0.4,-0.48,-0.51,-0.51,-0.57,-0.57,-0.62,-0.59,-0.46,-0.24,-0.15,-0.24,-0.37,-0.45,-0.49,-0.48,-0.45,-0.38,-0.41,-0.46,-0.56,-0.56,-0.62,-0.63,-0.52,-0.41,-0.45,-0.49,-0.56,-0.45,-0.37,-0.34,-0.34,-0.4,-0.45,-0.41,-0.45,-0.49,-0.63,-0.76,-0.77,-0.7,-0.59,-0.41,-0.38,-0.41,-0.38,-0.32,-0.32,-0.27,-0.29,-0.31,-0.37,-0.45,-0.45,-0.45,-0.48,-0.57,-0.62,-0.62,-0.62,-0.7,-0.68,-0.79,-0.71,-0.6,-0.63,-0.48
-0.41,-0.41,-0.41,-0.31,-0.31,-0.41,-0.46,-0.37,-0.31,-0.23,-0.29,-0.38,-0.49,-0.49,-0.59,-0.63,-0.65,-0.63,-0.7,-0.7,-0.73,-0.82,-0.91,-0.93,-0.84,-0.74,-0.7,-0.62,-0.51,-0.51,-0.49,-0.56,-0.52,-0.56,-0.49,-0.45,-0.43,-0.43,-0.4,-0.46,-0.54,-0.46,-0.31,-0.34,-0.46,-0.52,-0.54,-0.52,-0.49,-0.35,-0.32,-0.38,-0.45,-0.56,-0.63,-0.7,-0.82,-0.96,-0.96,-0.99,-0.82,-0.66,-0.6,-0.6,-0.6,-0.6,-0.59,-0.46,-0.38,-0.41,-0.38,-0.49,-0.49,-0.49,-0.59,-0.59,-0.48,-0.31,-0.37,-0.34,-0.48,-0.45,-0.43,-0.52,-0.52,-0.49
-0.43,-0.45,-0.56,-0.59,-0.54,-0.45,-0.48,-0.45,-0.48,-0.48,-0.37,-0.45,-0.37,-0.35,-0.43,-0.56,-0.59,-0.63,-0.66,-0.77,-0.82,-0.82,-0.84,-0.81,-0.71,-0.63,-0.57,-0.56,-0.45,-0.45,-0.41,-0.4,-0.45,-0.52,-0.56,-0.48,-0.31,-0.24,-0.31,-0.23,-0.31,-0.24,-0.21,-0.23,-0.26,-0.34,-0.45,-0.59,-0.56,-0.45,-0.38,-0.41,-0.46,-0.62,-0.74,-0.77,-0.77,-0.81,-0.81,-0.82,-0.7,-0.65,-0.63,-0.56,-0.56,-0.52,-0.48,-0.45,-0.45,-0.4,-0.38,-0.38,-0.38,-0.37,-0.32,-0.27,-0.34,-0.24,-0.16,-0.04,-0.04,-0.09,-0.12,-0.15,-0.16,-0.18
-0.56,-0.34,-0.29,-0.54,-0.63,-0.6,-0.48,-0.48,-0.48,-0.51,-0.49,-0.34,-0.31,-0.34,-0.35,-0.46,-0.48,-0.51,-0.52,-0.62,-0.73,-0.74,-0.73,-0.62,-0.46,-0.37,-0.38,-0.45,-0.48,-0.41,-0.34,-0.31,-0.31,-0.34,-0.37,-0.31,-0.32,-0.38,-0.48,-0.43,-0.34,-0.31,-0.24,-0.13,-0.04,-0.16,-0.24,-0.51,-0.62,-0.63,-0.65,-0.57,-0.43,-0.45,-0.56,-0.59,-0.59,-0.49,-0.45,-0.48,-0.46,-0.45,-0.45,-0.45,-0.49,-0.38,-0.27,-0.38,-0.35,-0.31,-0.2,-0.01,0.12,0.05,0.09,0.05,-0.01,-0.06,-0.01,0.01,0.13,0.09,0.01,-0.04,-0.21,-0.16
-0.63,-0.57,-0.48,-0.37,-0.45,-0.41,-0.38,-0.37,-0.46,-0.48,-0.49,-0.43,-0.4,-0.46,-0.49,-0.41,-0.43,-0.38,-0.43,-0.54,-0.62,-0.59,-0.56,-0.56,-0.52,-0.46,-0.43,-0.45,-0.45,-0.46,-0.27,-0.24,-0.2,-0.23,-0.29,-0.37,-0.32,-0.32,-0.51,-0.52,-0.48,-0.34,-0.23,-0.13,-0.1,-0.12,-0.24,-0.52,-0.71,-0.65,-0.7,-0.63,-0.52,-0.38,-0.26,-0.32,-0.23,-0.27,-0.37,-0.31,-0.23,-0.16,-0.16,-0.16,-0.24,-0.24,-0.27,-0.31,-0.31,-0.16,-0.12,0.02,0.1,0.16,0.27,0.09,0.01,-0.06,-0.2,-0.15,-0.06,-0.09,-0.16,-0.09,-0.06,-0.04
-0.51,-0.48,-0.51,-0.45,-0.35,-0.45,-0.43,-0.37,-0.43,-0.45,-0.48,-0.41,-0.45,-0.45,-0.38,-0.31,-0.31,-0.4,-0.35,-0.41,-0.48,-0.45,-0.48,-0.48,-0.54,-0.45,-0.4,-0.45,-0.4,-0.45,-0.46,-0.38,-0.31,-0.34,-0.35,-0.27,-0.31,-0.27,-0.31,-0.31,-0.34,-0.2,-0.16,-0.13,-0.07,-0.16,-0.27,-0.38,-0.62,-0.74,-0.6,-0.56,-0.41,-0.32,-0.27,-0.13,-0.06,-0.13,-0.23,-0.15,-0.07,-0.04,0.01,0.09,0.12,-0.02,-0.12,-0.16,-0.04,-0.12,-0.13,-0.06,0.01,0.05,0.05,-0.02,-0.02,-0.09,-0.15,-0.16,-0.1,-0.13,-0.2,-0.12,-0.01,0.04
-0.37,-0.45,-0.49,-0.56,-0.56,-0.48,-0.49,-0.57,-0.52,-0.43,-0.45,-0.49,-0.48,-0.51,-0.48,-0.45,-0.41,-0.48,-0.45,-0.38,-0.37,-0.43,-0.56,-0.48,-0.38,-0.26,-0.32,-0.48,-0.45,-0.38,-0.41,-0.43,-0.45,-0.41,-0.45,-0.45,-0.41,-0.31,-0.24,-0.16,-0.1,-0.02,-0.06,-0.06,-0.09,-0.21,-0.24,-0.23,-0.37,-0.45,-0.57,-0.48,-0.34,-0.26,-0.13,-0.06,-0.02,-0.07,-0.13,-0.09,-0.01,-0.04,-0.06,0.04,-0.01,-0.13,-0.1,-0.24,-0.29,-0.29,-0.24,-0.21,-0.1,-0.02,-0.07,-0.07,-0.06,-0.09,-0.2,-0.02,-0.04,-0.09,-0.1,-0.09,0.05,0.02
-0.35,-0.45,-0.48,-0.52,-0.51,-0.48,-0.54,-0.59,-0.59,-0.59,-0.62,-0.62,-0.66,-0.62,-0.62,-0.63,-0.62,-0.62,-0.49,-0.29,-0.23,-0.37,-0.48,-0.38,-0.26,-0.09,-0.16,-0.37,-0.38,-0.35,-0.4,-0.34,-0.4,-0.4,-0.48,-0.49,-0.51,-0.46,-0.41,-0.37,-0.37,-0.38,-0.31,-0.31,-0.27,-0.16,-0.21,-0.13,-0.06,-0.02,-0.13,-0.24,-0.41,-0.24,-0.13,0.01,0.02,0.01,0.02,0.01,0.04,0.02,-0.06,0.04,-0.09,-0.18,-0.16,-0.38,-0.54,-0.46,-0.34,-0.31,-0.27,-0.18,-0.09,-0.02,-0.02,0.05,-0.09,-0.02,-0.1,-0.07,-0.06,-0.07,-0.02,-0.07
-0.37,-0.49,-0.6,-0.62,-0.56,-0.52,-0.51,-0.52,-0.56,-0.56,-0.57,-0.65,-0.62,-0.62,-0.57,-0.59,-0.6,-0.52,-0.38,-0.23,-0.2,-0.16,-0.12,-0.13,-0.12,-0.1,-0.13,-0.21,-0.37,-0.38,-0.4,-0.37,-0.4,-0.31,-0.35,-0.38,-0.38,-0.49,-0.49,-0.45,-0.45,-0.49,-0.4,-0.4,-0.46,-0.38,-0.38,-0.26,0.02,0.16,0.12,-0.02,-0.16,-0.29,-0.27,-0.16,0.01,0.04,0.19,0.19,0.07,0.02,-0.02,-0.02,-0.13,-0.23,-0.21,-0.38,-0.52,-0.59,-0.49,-0.43,-0.45,-0.37,-0.31,-0.16,-0.02,-0.04,-0.07,-0.2,-0.31,-0.13,-0.23,-0.37,-0.37,-0.38
-0.38,-0.52,-0.59,-0.63,-0.63,-0.57,-0.48,-0.45,-0.41,-0.46,-0.57,-0.49,-0.38,-0.37,-0.37,-0.35,-0.48,-0.41,-0.29,-0.23,-0.13,-0.01,-0.02,-0.09,-0.13,-0.12,-0.31,-0.26,-0.31,-0.35,-0.34,-0.37,-0.35,-0.29,-0.31,-0.37,-0.31,-0.29,-0.31,-0.31,-0.35,-0.34,-0.27,-0.23,-0.23,-0.34,-0.38,-0.31,-0.2,-0.09,-0.06,0.05,-0.02,-0.12,-0.23,-0.2,0.02,0.04,0.15,0.15,0.09,-0.02,0.01,-0.02,-0.2,-0.27,-0.32,-0.32,-0.38,-0.49,-0.56,-0.49,-0.45,-0.4,-0.41,-0.37,-0.32,-0.24,-0.23,-0.29,-0.31,-0.24,-0.15,-0.34,-0.6,-0.63
-0.31,-0.41,-0.52,-0.62,-0.66,-0.54,-0.48,-0.37,-0.35,-0.35,-0.34,-0.31,-0.23,-0.2,-0.12,-0.23,-0.32,-0.31,-0.24,-0.16,-0.09,0.05,0.09,0.01,-0.18,-0.29,-0.27,-0.2,-0.24,-0.27,-0.27,-0.27,-0.38,-0.37,-0.35,-0.34,-0.24,-0.24,-0.16,-0.04,-0.07,-0.06,-0.06,0.05,0.04,0.02,-0.06,-0.13,-0.12,-0.12,-0.09,0.07,-0.02,-0.12,-0.13,-0.12,-0.04,0.04,0.05,0.07,-0.01,0.05,0.02,-0.06,-0.13,-0.2,-0.24,-0.27,-0.34,-0.27,-0.41,-0.49,-0.46,-0.46,-0.41,-0.43,-0.23,-0.23,-0.16,-0.2,-0.1,-0.09,-0.06,-0.1,-0.26,-0.43
-0.27,-0.37,-0.45,-0.49,-0.54,-0.48,-0.34,-0.23,-0.15,-0.16,-0.2,-0.13,-0.13,-0.16,-0.13,-0.13,-0.2,-0.23,-0.18,-0.12,-0.02,0.07,-0.02,-0.16,-0.16,-0.12,-0.09,-0.09,-0.18,-0.09,-0.12,-0.16,-0.16,-0.15,-0.06,-0.09,-0.07,-0.18,-0.23,-0.21,-0.13,-0.07,0.02,0.18,0.34,0.37,0.27,0.09,0.04,0.1,0.12,0.13,0.09,0.04,-0.02,-0.06,0.05,0.24,0.24,0.19,0.12,0.23,0.09,0.02,-0.02,-0.04,-0.1,-0.18,-0.15,-0.04,-0.27,-0.37,-0.41,-0.51,-0.59,-0.56,-0.37,-0.16,0.02,0.05,0.04,-0.01,0.05,0.21,0.18,0.12
-0.38,-0.37,-0.31,-0.38,-0.45,-0.35,-0.21,-0.06,0.02,-0.04,-0.12,-0.12,-0.12,-0.12,-0.23,-0.13,-0.06,0.05,0.02,-0.07,-0.15,-0.23,-0.34,-0.31,-0.13,0.05,0.09,0.12,0.07,-0.04,0.02,-0.02,0.01,-0.07,0.01,-0.07,-0.1,-0.2,-0.31,-0.31,-0.27,-0.24,-0.1,0.12,0.29,0.46,0.44,0.3,0.13,0.05,0.12,0.19,0.18,0.19,0.12,0.21,0.27,0.48,0.52,0.51,0.41,0.51,0.29,0.19,0.26,0.19,0.15,0.09,0.09,0.16,-0.09,-0.24,-0.31,-0.37,-0.43,-0.45,-0.41,-0.23,-0.13,-0.1,-0.06,-0.06,0.07,0.15,0.24,0.26
-0.32,-0.27,-0.13,-0.21,-0.27,-0.31,-0.23,-0.21,-0.12,-0.02,-0.06,-0.1,-0.12,-0.13,-0.1,-0.06,0.05,0.12,-0.02,-0.15,-0.24,-0.37,-0.38,-0.18,0.04,0.19,0.26,0.13,0.23,0.16,0.13,0.19,0.02,0.01,-0.09,-0.16,-0.06,-0.07,-0.06,-0.04,-0.06,0.04,0.12,0.19,0.3,0.46,0.41,0.3,0.16,0.02,0.15,0.24,0.26,0.26,0.32,0.41,0.48,0.63,0.73,0.8,0.63,0.55,0.48,0.48,0.49,0.43,0.3,0.26,0.21,0.27,0.23,0.01,-0.2,-0.13,-0.2,-0.27,-0.38,-0.21,-0.09,-0.07,-0.06,0.01,0.12,0.29,0.35,0.35
-0.16,-0.09,-0.09,-0.12,-0.06,-0.13,-0.2,-0.15,-0.09,-0.02,-0.06,-0.01,-0.01,-0.06,0.01,0.07,0.16,0.18,0.09,-0.12,-0.18,-0.23,-0.23,-0.12,0.13,0.26,0.24,0.1,0.02,0.1,0.15,0.27,0.26,0.12,0.02,0.07,0.12,0.15,0.16,0.16,0.26,0.3,0.3,0.24,0.29,0.29,0.27,0.21,0.05,-0.02,0.1,0.23,0.32,0.37,0.37,0.46,0.54,0.62,0.8,0.91,0.82,0.73,0.71,0.65,0.62,0.63,0.69,0.63,0.44,0.41,0.37,0.26,0.12,0.19,0.1,-0.07,-0.27,-0.24,-0.02,-0.01,0.01,0.02,0.19,0.37,0.38,0.37
0.04,0.13,0.15,0.09,0.09,-0.01,0.02,0.02,0.09,0.13,0.09,0.09,0.05,0.04,0.05,0.05,0.19,0.27,0.29,0.09,-0.1,-0.02,0.16,0.27,0.27,0.16,0.05,-0.02,0.05,0.13,0.13,0.24,0.35,0.4,0.49,0.48,0.51,0.48,0.57,0.51,0.48,0.38,0.4,0.23,0.21,0.13,0.05,0.02,-0.04,-0.16,-0.12,0.07,0.26,0.3,0.29,0.48,0.48,0.59,0.77,0.8,0.8,0.85,0.8,0.77,0.79,0.73,0.76,0.76,0.59,0.41,0.38,0.37,0.4,0.44,0.37,0.18,-0.06,-0.21,0.01,0.23,0.13,0.09,0.09,0.16,0.09,0.05
0.24,0.29,0.24,0.26,0.26,0.19,0.23,0.21,0.24,0.23,0.15,0.16,0.13,0.05,0.07,0.05,0.19,0.27,0.3,0.27,0.16,0.24,0.52,0.52,0.37,0.13,-0.04,-0.13,-0.02,0.02,0.18,0.23,0.26,0.37,0.52,0.55,0.54,0.48,0.66,0.57,0.48,0.38,0.38,0.34,0.18,0.15,0.02,0.09,0.04,-0.13,-0.15,0.01,0.26,0.24,0.29,0.38,0.46,0.52,0.62,0.74,0.84,1.02,1.04,1.05,0.94,0.9,0.85,0.76,0.55,0.38,0.18,0.13,0.19,0.34,0.26,0.27,0.1,0.02,0.09,0.13,0.02,0.01,0.05,0.05,-0.02,0.01
0.23,0.19,0.19,0.16,0.24,0.27,0.24,0.21,0.26,0.27,0.3,0.27,0.18,0.19,0.26,0.3,0.27,0.26,0.23,0.34,0.46,0.51,0.62,0.48,0.23,0.02,-0.12,-0.16,-0.04,0.04,0.01,0.15,0.16,0.24,0.4,0.48,0.46,0.49,0.51,0.48,0.3,0.37,0.3,0.34,0.23,0.19,0.07,0.15,0.18,0.41,0.34,0.15,0.16,0.1,0.19,0.3,0.38,0.43,0.46,0.55,0.57,0.63,0.68,0.73,0.84,0.87,0.82,0.73,0.44,0.3,0.19,0.02,0.05,0.19,0.3,0.3,0.23,0.05,0.01,0.12,0.09,0.05,0.02,-0.02,-0.02,-0.09
-0.04,-0.13,-0.2,-0.2,-0.1,0.09,0.09,0.05,0.1,0.1,0.19,0.27,0.27,0.21,0.29,0.29,0.26,0.23,0.19,0.23,0.3,0.37,0.35,0.12,-0.02,-0.23,-0.07,-0.04,-0.1,0.01,0.15,0.09,0.24,0.37,0.46,0.57,0.44,0.41,0.43,0.38,0.24,0.3,0.37,0.19,0.18,0.16,0.1,0.19,0.29,0.37,0.29,0.13,0.01,0.05,0.13,0.19,0.19,-0.09,-0.1,0.02,0.1,0.12,0.21,0.35,0.37,0.62,0.63,0.48,0.41,0.32,0.27,0.05,0.01,0.12,0.1,0.19,0.23,0.13,0.1,0.1,0.09,0.01,-0.02,-0.06,-0.12,-0.13
-0.2,-0.07,0.13,0.19,0.34,0.35,0.19,0.13,0.26,0.37,0.29,0.34,0.27,0.15,0.04,-0.01,0.02,0.04,0.05,0.02,0.02,0.05,0.07,0.02,-0.04,-0.04,-0.18,0.01,0.09,0.09,0.15,0.13,0.24,0.44,0.44,0.27,0.23,0.24,0.26,0.13,0.15,0.19,0.16,0.19,0.15,0.09,0.07,0.1,0.13,0.13,0.04,-0.01,-0.06,0.02,0.05,0.07,-0.18,-0.29,-0.38,-0.27,-0.16,0.05,0.16,0.02,0.05,0.12,0.24,0.27,0.3,0.34,0.38,0.38,0.38,0.23,-0.04,-0.12,-0.09,-0.15,0.01,0.01,-0.06,-0.09,-0.16,-0.2,-0.27,-0.31
-0.13,-0.01,0.13,0.37,0.27,0.19,0.16,0.19,0.16,0.15,0.04,-0.02,-0.06,-0.16,-0.23,-0.23,-0.15,-0.12,-0.21,-0.16,-0.23,-0.32,-0.41,-0.41,-0.38,-0.24,-0.1,-0.02,-0.06,0.02,-0.1,-0.16,-0.07,0.13,0.16,-0.02,-0.02,0.02,0.13,0.09,0.02,0.05,0.09,0.05,-0.1,-0.16,-0.16,-0.18,-0.09,-0.07,-0.15,-0.18,0.01,0.05,-0.06,-0.2,-0.37,-0.38,-0.41,-0.38,-0.27,-0.13,-0.23,-0.12,-0.16,-0.15,-0.09,0.04,0.12,0.34,0.54,0.54,0.37,0.07,-0.13,-0.31,-0.27,-0.37,-0.23,-0.13,-0.18,-0.21,-0.32,-0.35,-0.37,-0.29
0.05,0.12,0.15,0.16,-0.01,-0.02,-0.01,-0.04,-0.13,-0.21,-0.21,-0.23,-0.16,-0.27,-0.21,-0.26,-0.24,-0.29,-0.29,-0.37,-0.52,-0.91,-0.77,-0.7,-0.7,-0.56,-0.43,-0.34,-0.37,-0.48,-0.48,-0.32,-0.31,-0.31,-0.02,-0.09,-0.09,-0.27,-0.34,-0.34,-0.24,-0.18,-0.12,-0.13,-0.23,-0.41,-0.56,-0.62,-0.32,0.16,0.19,0.12,-0.02,-0.06,-0.06,-0.29,-0.46,-0.38,-0.35,-0.32,-0.29,-0.63,-0.62,-0.32,-0.15,-0.21,-0.09,0.26,0.41,0.3,0.37,0.3,0.13,-0.13,-0.24,-0.41,-0.51,-0.48,-0.34,-0.2,-0.24,-0.37,-0.4,-0.34,-0.27,-0.21
-0.02,0.05,0.05,-0.2,-0.27,-0.27,-0.32,-0.41,-0.48,-0.49,-0.62,-0.52,-0.43,-0.34,-0.37,-0.46,-0.48,-0.37,-0.4,-0.49,-0.31,-0.37,-0.62,-0.52,-0.68,-0.77,-0.66,-0.79,-0.74,-0.74,-0.77,-0.7,-0.7,-0.34,-0.41,-0.68,-0.41,-0.43,-0.35,-0.29,-0.15,-0.34,-0.4,-0.29,-0.37,-0.6,-0.65,-0.23,-0.2,-0.12,-0.13,-0.2,-0.27,-0.15,-0.12,-0.2,-0.31,-0.41,-0.38,-0.41,-0.6,-1.13,-1.06,-0.76,-0.51,-0.37,-0.23,-0.12,-0.01,0.09,0.04,-0.06,-0.16,-0.21,-0.31,-0.51,-0.54,-0.56,-0.54,-0.59,-0.59,-0.56,-0.37,-0.27,-0.13,-0.1
0.07,0.05,-0.32,-0.45,-0.51,-0.48,-0.7,-0.77,-0.82,-0.91,-0.82,-0.63,-0.46,-0.65,-0.65,-0.73,-0.63,-0.57,-0.56,-0.54,-0.31,-0.49,-0.73,-0.7,-0.84,-0.76,-0.7,-0.88,-0.95,-0.87,-1.01,-0.91,-0.48,-0.48,-0.66,-0.98,-0.81,-0.74,-0.68,-0.59,-0.51,-0.59,-0.6,-0.56,-0.7,-0.59,-0.38,-0.29,-0.45,-0.45,-0.57,-0.56,-0.38,-0.23,-0.12,-0.2,-0.38,-0.48,-0.49,-0.51,-1.16,-1.41,-1.31,-1.04,-0.76,-0.65,-0.51,-0.29,-0.24,-0.23,-0.23,-0.07,-0.13,-0.21,-0.12,-0.2,-0.56,-0.63,-0.65,-0.71,-0.59,-0.43,-0.31,-0.2,-0.16,-0.23
-0.16,-0.41,-0.48,-0.48,-0.51,-0.65,-0.88,-0.98,-1.07,-1.06,-0.77,-0.68,-0.77,-0.63,-0.88,-0.81,-0.88,-0.7,-0.45,-0.31,-0.38,-0.66,-0.85,-0.74,-0.74,-0.59,-0.81,-0.84,-0.96,-1.04,-1.06,-0.76,-0.56,-0.66,-0.73,-1.16,-1.02,-0.93,-0.82,-0.73,-0.82,-0.73,-0.59,-0.59,-0.6,-0.31,-0.16,-0.34,-0.63,-0.7,-0.77,-0.77,-0.49,-0.24,-0.32,-0.2,-0.24,-0.52,-0.49,-0.4,-1.52,-1.57,-1.31,-1.09,-0.82,-0.56,-0.77,-0.77,-0.73,-0.68,-0.6,-0.43,-0.37,-0.29,-0.09,-0.1,-0.45,-0.48,-0.51,-0.37,-0.38,-0.31,-0.21,-0.37,-0.45,-0.48
-0.38,-0.37,-0.52,-0.59,-0.62,-0.63,-0.74,-0.84,-0.88,-0.87,-0.84,-0.96,-0.81,-0.63,-0.87,-0.99,-1.15,-0.87,-0.56,-0.6,-0.71,-0.81,-0.84,-0.68,-0.57,-0.71,-0.84,-0.79,-0.87,-0.96,-0.73,-0.63,-0.66,-0.77,-0.87,-1.02,-1.04,-1.02,-0.95,-0.87,-0.87,-0.52,-0.45,-0.41,-0.4,-0.24,-0.15,-0.41,-0.63,-0.79,-0.91,-0.88,-0.51,-0.52,-0.51,-0.49,-0.49,-0.56,-0.35,-0.06,-0.23,-0.87,-1.41,-1.21,-1.01,-0.87,-0.77,-0.93,-0.68,-0.74,-0.71,-0.59,-0.52,-0.4,-0.16,-0.12,-0.35,-0.45,-0.37,-0.29,-0.27,-0.31,-0.45,-0.43,-0.82,-0.77
-0.56,-0.56,-0.63,-0.59,-0.54,-0.52,-0.52,-0.45,-0.59,-0.81,-0.77,-0.66,-0.76,-0.68,-0.84,-0.82,-0.7,-0.62,-0.82,-0.87,-0.82,-0.84,-0.79,-0.63,-0.73,-0.82,-0.88,-0.84,-0.77,-0.91,-0.84,-0.7,-0.73,-0.88,-1.02,-1.01,-0.91,-1.04,-1.06,-0.77,-0.65,-0.27,-0.31,-0.46,-0.38,-0.31,-0.23,-0.4,-0.48,-0.49,-0.66,-0.77,-0.6,-0.81,-0.88,-0.77,-0.74,-0.62,-0.32,-0.01,0.05,-0.16,-0.98,-1.4,-1.24,-1.12,-1.06,-0.91,-0.76,-0.68,-0.62,-0.51,-0.48,-0.4,-0.31,-0.34,-0.31,-0.35,-0.35,-0.29,-0.34,-0.51,-0.51,-0.52,-1.09,-1.06
-0.54,-0.52,-0.6,-0.62,-0.46,-0.45,-0.4,-0.45,-0.54,-0.63,-0.63,-0.82,-0.84,-0.74,-0.59,-0.54,-0.51,-0.48,-0.76,-0.99,-0.96,-0.82,-0.77,-0.82,-0.84,-0.9,-0.95,-0.82,-0.81,-0.95,-0.82,-0.62,-0.65,-0.9,-1.1,-1.09,-0.95,-0.84,-0.93,-0.81,-0.57,-0.41,-0.23,-0.34,-0.31,-0.31,-0.34,-0.38,-0.48,-0.24,0.13,0.15,-0.32,-0.68,-0.88,-0.84,-0.7,-0.51,-0.37,-0.21,-0.13,-0.16,-0.51,-1.34,-1.41,-1.32,-1.2,-1.02,-0.84,-0.73,-0.7,-0.59,-0.45,-0.46,-0.48,-0.48,-0.41,-0.37,-0.34,-0.37,-0.41,-0.49,-0.59,-0.74,-0.87,-0.37
-0.59,-0.62,-0.56,-0.51,-0.45,-0.38,-0.43,-0.49,-0.41,-0.54,-0.56,-0.7,-0.79,-0.65,-0.52,-0.56,-0.31,-0.41,-0.85,-1.09,-1.12,-0.96,-0.95,-0.91,-1.02,-1.09,-0.99,-0.88,-0.98,-0.85,-0.63,-0.56,-0.59,-0.79,-1.07,-1.06,-0.85,-0.91,-0.88,-0.76,-0.63,-0.45,-0.24,-0.27,-0.23,-0.31,-0.48,-0.41,-0.35,-0.16,0.01,0.12,-0.26,-0.6,-0.85,-0.84,-0.65,-0.49,-0.4,-0.41,-0.32,-0.31,-0.48,-0.77,-1.37,-1.37,-1.27,-1.12,-0.9,-0.77,-0.73,-0.66,-0.6,-0.51,-0.48,-0.6,-0.56,-0.43,-0.38,-0.41,-0.34,-0.52,-0.49,-0.37,-0.23,-0.2
-0.52,-0.62,-0.63,-0.59,-0.56,-0.49,-0.48,-0.49,-0.52,-0.63,-0.65,-0.62,-0.59,-0.6,-0.45,-0.31,-0.24,-0.35,-0.95,-1.12,-1.2,-1.06,-1.04,-0.98,-1.01,-1.06,-0.99,-0.96,-0.87,-0.57,-0.45,-0.41,-0.48,-0.63,-0.87,-0.88,-0.81,-0.62,-0.66,-0.62,-0.49,-0.43,-0.41,-0.38,-0.49,-0.57,-0.49,-0.38,-0.4,-0.23,0.15,-0.04,-0.27,-0.63,-0.71,-0.77,-0.79,-0.59,-0.45,-0.52,-0.49,-0.48,-0.52,-0.66,-1.09,-1.27,-1.24,-1.12,-0.98,-0.85,-0.81,-0.74,-0.71,-0.66,-0.51,-0.6,-0.62,-0.52,-0.59,-0.48,-0.34,-0.27,-0.24,-0.27,-0.23,-0.29
