trunc-1.json
{"header": {"discipline":10,"disciplineName":"Oceanographic products","gribEdition":2,"gribLength":218191,"center":7,"centerName":"US National Weather Service - NCEP(WMC)","subcenter":0,"refTime":"2020-11-19T00:00:00.000Z","significanceOfRT":1,"significanceOfRTName":"Start of forecast","productStatus":0,"productStatusName":"Operational products","productType":1,"productTypeName":"Forecast products","productDefinitionTemplate":0,"productDefinitionTemplateName":"Analysis/forecast at horizontal level/layer at a point in time","parameterCategory":1,"parameterCategoryName":"Currents","parameterNumber":2,"parameterNumberName":"U_component_of_current","parameterUnit":"m.s-1","genProcessType":2,"genProcessTypeName":"Forecast","forecastTime":0,"surface1Type":1,"surface1TypeName":"Ground or water surface","surface1Value":0.0,"surface2Type":255,"surface2TypeName":"Missing","surface2Value":-9.999E-252,"gridDefinitionTemplate":0,"gridDefinitionTemplateName":"Latitude_Longitude","numberPoints":222480,"shape":6,"shapeName":"Earth spherical with radius of 6,371,229.0 m","gridUnits":"degrees","resolution":48,"winds":"true","scanMode":0,"nx":720,"ny":309,"basicAngle":0,"lo1":-179.5,"la1":77.0,"lo2":180.0,"la2":-77.0,"dx":0.5,"dy":0.5}, "data":
[rows 76 to 113 of 309, columns 86 to 171 of 720]
0.16,0.04,0.01,0.15,0.15,0.24,0.19,0.13,0.09,0.12,0.15,0.21,0.3,0.21,0.26,0.24,0.13,-0.07,-0.06,0.12,0.23,0.32,0.34,0.27,0.04,-0.09,0,0,0,0,0,0,0,0,0,0,0,0,0,0,0,0,0,0,0,0,0,0,0,0,0,0,0,0,0,0,0,0,0,0,0,0,0,0,0,0,0,0,0,0,0,0,0,0,0,0,0,0,0,0,0,0,0,0,0,0
0.23,0.13,0.09,0.1,0.18,0.16,0.16,0.16,0.18,0.24,0.18,0.13,-0.04,0.04,0.09,0.09,0.15,0.21,0.18,-0.09,-0.23,-0.2,-0.02,0.02,-0.02,0.05,-0.09,0,0,0,0,0,0,0,0,0,0,0,0,0,0,0,0,0,0,0,0,0,0,0,0,0,0,0,0,0,0,0,0,0,0,0,0,0,0,0,0,0,0,0,0,0,0,0,0,0,0,0,0,0,0,0,0,0,0,0
0.07,0.07,0.02,0.04,0.01,0.01,0.09,0.16,0.16,0.3,0.27,0.29,0.24,0.12,-0.04,-0.12,0.1,0.19,0.02,-0.01,-0.21,-0.18,-0.12,-0.09,-0.01,-0.06,-0.1,0,0,0,0,0,0,0,0,0,0,0,0,0,0,0,0,0,0,0,0,0,0,0,0,0,0,0,0,0,0,0,0,0,0,0,0,0,0,0,0,0,0,0,0,0,0,0,0,0,0,0,0,0,0,0,0,0,0,0
0.01,-0.06,-0.16,-0.2,-0.15,-0.12,0.01,0.07,0.15,0.12,0.18,0.29,0.46,0.59,0.49,0.23,0.23,0.15,0.12,-0.1,-0.02,0.04,0.01,-0.12,0.05,0.19,0.01,0.09,0,0,0,0,0,0,0,0,0,0,0,0,0,0,0,0,0,0,0,0,0,0,0,0,0,0,0,0,0,0,0,0,0,0,0,0,0,0,0,0,0,0,0,0,0,0,0,0,0,0,0,0,0,0,0,0,0,0
-0.12,-0.24,-0.24,-0.24,-0.2,-0.21,-0.02,0.1,0.09,0.12,0.23,0.18,0.26,0.35,0.38,0.43,0.37,0.27,0.04,-0.02,0.05,0.01,-0.06,0.04,-0.07,0.12,0.13,0.13,-0.02,0,0,0,0,0,0,0,0,0,0,0,0,0,0,0,0,0,0,0,0,0,0,0,0,0,0,0,0,0,0,0,0,0,0,0,0,0,0,0,0,0,0,0,0,0,0,0,0,0,0,0,0,0,0,0,0,0
-0.1,-0.12,-0.07,0.01,0.02,-0.02,0.01,0.04,0.05,0.1,-0.02,-0.06,-0.02,0.09,0.16,0.19,0.26,0.27,0.09,0.01,-0.02,-0.21,-0.15,-0.38,-0.13,-0.1,0.02,0.15,0.05,0.01,0,0,0,0,0,0,0,0,0,0,0,0,0,0,0,0,0,0,0,0,0,0,0,0,0,0,0,0,0,0,0,0,0,0,0,0,0,0,0,0,0,0,0,0,0,0,0,0,0,0,0,0,0,0,0,0
-0.06,-0.06,-0.01,0.19,0.19,0.09,0.05,0.02,0.1,0.26,0.3,0.21,0.16,0.12,0.13,0.16,0.13,0.29,0.52,0.44,0.26,0.05,-0.06,0.07,0.07,-0.13,-0.13,0.01,-0.02,-0.01,0,0,0,0,0,0,0,0,0,0,0,0,0,0,0,0,0,0,0,0,0,0,0,0,0,0,0,0,0,0,0,0,0,0,0,0,0,0,0,0,0,0,0,0,0,0,0,0,0,0,0,0,0,0,0,0
0.02,0.07,0.09,0.02,0.01,0.01,-0.01,0.05,0.09,0.19,0.27,0.34,0.3,0.21,0.05,0.05,0.07,0.12,0.16,0.24,0.26,0.26,0.16,0.02,0.05,-0.09,-0.1,-0.04,-0.07,-0.02,0.01,0,0,0,0,0,0,0,0,0,0,0,0,0,0,0,0,0,0,0,0,0,0,0,0,0,0,0,0,0,0,0,0,0,0,0,0,0,0,0,0,0,0,0,0,0,0,0,0,0,0,0,0,0,0,0
-0.02,-0.06,-0.04,0.09,-0.06,0.02,0.02,0.01,0.16,0.24,0.16,0.21,0.23,0.16,0.16,0.05,0.01,0.02,0.12,-0.02,-0.06,-0.06,0.12,0.02,0.01,0.09,0.16,0.19,0.1,0.05,0.01,-0.07,0,0,0,0,0,0,0,0,0,0,0,0,0,0,0,0,0,0,0,0,0,0,0,0,0,0,0,0,0,0,0,0,0,0,0,0,0,0,0,0,0,0,0,0,0,0,0,0,0,0,0,0,0,0
-0.16,-0.09,-0.01,0.18,0.05,0.01,0.01,0.05,0.21,0.19,0.13,0.1,-0.06,-0.1,-0.2,-0.23,-0.21,-0.09,-0.06,-0.12,-0.18,-0.02,-0.02,-0.09,-0.06,0.04,-0.06,0.01,0.02,0.02,0.05,0.09,0,0,0,0,0,0,0,0,0,0,0,0,0,0,0,0,0,0,0,0,0,0,0,0,0,0,0,0,0,0,0,0,0,0,0,0,0,0,0,0,0,0,0,0,0,0,0,0,0,0,0,0,0,0
-0.21,-0.26,-0.12,0.02,0.07,0.07,0.07,0.02,0.05,0.07,0.15,0.01,0.02,0.05,0.1,0.05,-0.1,0.01,-0.04,-0.12,-0.06,-0.09,-0.31,-0.31,-0.1,-0.09,-0.06,-0.02,0.09,0.01,0.19,0.16,0.05,0,0.02,0.01,0.05,0,0,0,0,0,0,0,0,0,0,0,0,0,0,0,0,0,0,0,0,0,0,0,0,0,0,0,0,0,0,0,0,0,0,0,0,0,0,0,0,0,0,0,0,0,0,0,0,0
-0.02,0.05,0.05,0.05,0.09,0.02,0.05,0.12,0.1,-0.01,0.01,0.07,0.18,0.26,0.26,0.21,0.23,0.09,0.02,-0.12,-0.13,-0.16,-0.12,0.04,-0.1,-0.02,0.23,0.27,-0.01,-0.09,0.04,0.07,0.02,0.04,-0.06,0.05,0,0.02,0,0,0,0,0,0,0,0,0,0,0,0,0,0,0,0,0,0,0,0,0,0,0,0,0,0,0,0,0,0,0,0,0,0,0,0,0,0,0,0,0,0,0,0,0,0,0,0
0.09,-0.07,-0.1,-0.02,0.09,0.09,0.12,0.07,0.01,0.02,-0.01,-0.07,-0.15,0.05,0.16,0.07,-0.01,-0.09,-0.06,0.04,-0.02,-0.01,0.01,0.09,0.15,0.18,0.12,-0.06,-0.04,-0.18,-0.23,-0.13,-0.02,0.09,0.01,0.13,0,0.26,0.23,0,0,0,0,0,0,0,0,0,0,0,0,0,0,0,0,0,0,0,0,0,0,0,0,0,0,0,0,0,0,0,0,0,0,0,0,0,0,0,0,0,0,0,0,0,0,0
0.13,0.1,0.12,-0.02,0.02,0.12,0.09,-0.02,-0.04,-0.04,-0.09,0.02,0.01,-0.12,-0.12,-0.12,-0.13,-0.16,-0.23,-0.24,-0.12,0.02,0.05,-0.02,-0.04,-0.02,-0.13,-0.09,0.12,0.07,-0.04,-0.02,0.04,0.09,0.1,0.09,0.01,0.02,0.19,0,0,0,0,0,0,0,0,0,0,0,0,0,0,0,0,0,0,0,0,0,0,0,0,0,0,0,0,0,0,0,0,0,0,0,0,0,0,0,0,0,0,0,0,0,0,0
0.01,0.05,0.04,0.09,0.16,0.04,0.01,0.02,0.05,0.05,-0.01,0.01,-0.06,-0.09,-0.04,0.05,-0.04,-0.12,-0.15,-0.23,-0.06,0.05,0.01,-0.1,-0.06,-0.1,-0.09,-0.12,-0.21,0.05,0.16,0.09,0.13,0.02,0.13,0.12,0.05,0.01,0.02,0.12,0,0,0,0,0,0,0,0,0,0,0,0,0,0,0,0,0,0,0,0,0,0,0,0,0,0,0,0,0,0,0,0,0,0,0,0,0,0,0,0,0,0,0,0,0,0
0.07,-0.06,-0.09,0.09,-0.06,-0.02,-0.04,0.02,0.01,-0.02,-0.02,-0.13,-0.18,-0.13,-0.07,-0.04,-0.06,0.01,-0.12,-0.06,-0.04,-0.09,-0.12,-0.01,-0.02,0.01,0.05,-0.02,-0.09,0.1,0.13,0.02,-0.2,-0.21,-0.1,0.09,0.09,0.02,-0.02,0.04,0,0,0,0,0.18,0,0,0,0,0,0,0,0,0,0,0,0,0,0,0,0,0,0,0,0,0,0,0,0,0,0,0,0,0,0,0,0,0,0,0,0,0,0,0,0,0
0.04,0.13,-0.02,-0.09,-0.1,-0.06,0.01,0.02,0.05,0.04,-0.04,-0.12,0.02,0.09,-0.02,-0.06,-0.09,0.05,0.01,-0.06,0.01,0.04,0.05,0.04,-0.01,0.02,0.01,0.05,0.04,-0.12,-0.06,0.09,0.07,0.05,0.04,0.02,-0.04,0.02,0.1,0.09,0.12,0,0,0,0.18,0.19,0.18,0,0,0,0,0,0,0,0,0,0,0,0,0,0,0,0,0,0,0,0,0,0,0,0,0,0,0,0,0,0,0,0,0,0,0,0,0,0,0
0.12,0.05,0.15,-0.01,0.01,-0.09,-0.06,-0.12,-0.12,-0.09,-0.06,-0.04,-0.12,-0.06,-0.06,-0.1,-0.1,-0.06,-0.01,0.07,0.12,0.13,0.09,0.16,0.09,0.02,-0.04,0.1,0.16,0.1,0.05,-0.01,0.12,0.27,0.26,0.02,-0.12,-0.06,0.01,0.09,0.12,0,0,0,0.12,0.29,0.34,0,0,0,0,0,0,0,0,0,0,0,0,0,0,0,0,0,0,0,0,0,0,0,0,0,0,0,0,0,0,0,0,0,0,0,0,0,0,0
0.1,0.05,0.12,0.13,0.13,0.05,-0.1,-0.13,-0.12,-0.1,-0.15,-0.02,0.05,-0.06,-0.06,-0.12,-0.15,-0.06,0.02,0.02,-0.06,-0.09,-0.07,-0.09,-0.1,-0.07,0.02,0.07,0.13,0.29,0.34,0.16,0.07,0.19,0.23,0.13,0.04,-0.01,-0.02,-0.06,0.01,0.07,0,0,0,-0.13,0.16,0.37,0,0,0,0,0,0,0,0,0,0,0,0,0,0,0,0,0,0,0,0,0,0,0,0,0,0,0,0,0,0,0,0,0,0,0,0,0,0
0.05,-0.02,-0.04,0.02,0.1,0.1,-0.09,-0.06,-0.09,-0.12,-0.13,-0.1,-0.06,-0.04,-0.09,-0.13,-0.06,-0.09,-0.16,-0.18,-0.16,-0.15,-0.16,-0.16,-0.16,-0.09,-0.12,-0.12,-0.09,0.01,0.04,0.09,0.16,0.19,0.09,0.04,0.12,0.1,0.01,-0.07,0.01,0.16,0.09,0,0,0,0,0.16,0.19,0,0,0,0,0,0,0,0,0,0,0,0,0,0,0,0,0,0,0,0,0,0,0,0,0,0,0,0,0,0,0,0,0,0,0,0,-0.15
-0.01,-0.01,-0.1,-0.13,-0.15,-0.12,-0.06,-0.12,-0.09,-0.16,-0.26,-0.23,-0.18,-0.2,-0.09,0.02,-0.04,-0.15,-0.15,-0.12,-0.1,-0.04,-0.01,0.02,-0.06,-0.04,-0.09,-0.12,-0.15,-0.12,-0.1,-0.06,-0.06,-0.02,0.02,0.09,0.07,0.01,0.09,0.02,-0.02,-0.07,0.09,0.16,0,0,0,0.05,0,0,0,0,0,0,0,0,0,0,0,0,0,0,0,0,0,0,0,0,0,0,0,0,0,0,0,0,0,0,0,0,0,0,0,-0.1,-0.12,-0.12
-0.06,-0.07,-0.02,-0.1,-0.24,-0.16,-0.06,-0.02,-0.07,-0.12,-0.12,-0.23,-0.23,-0.23,-0.2,-0.2,-0.2,-0.13,-0.12,-0.02,0.05,-0.12,-0.1,-0.07,-0.04,-0.02,-0.06,-0.1,-0.23,-0.2,-0.12,-0.23,-0.12,-0.01,-0.07,0.05,0.13,0.05,0.04,0.12,0.29,0.13,-0.02,0.02,0.12,0,0,0.12,0.32,0.27,0,0,0,0,0,0,0,0,0,0,0,0,0,0,0,0,0,0,0,0,0,0,0,0,0,0,0,0,0,0,0,-0.16,-0.16,-0.12,-0.09,-0.07
-0.09,-0.06,-0.16,-0.06,-0.09,-0.13,-0.09,-0.06,-0.09,-0.1,-0.1,-0.13,-0.12,-0.13,-0.23,-0.23,-0.2,-0.09,-0.04,-0.13,-0.1,-0.09,-0.1,-0.09,-0.01,0.01,0.01,-0.02,-0.01,-0.15,-0.06,0.02,0.02,0.12,0.02,0.01,0.05,0.01,-0.01,0.12,0.12,0.12,-0.2,-0.24,-0.1,0,0,0,0.09,0.02,0.05,0,0,0,0,0,0,0,0,0,0,0,0,0,0,0,0,0,0,0,0,0,0,0,0,0,0,0,0,0,-0.16,-0.21,-0.16,-0.13,-0.16,-0.12
-0.06,0.05,0.1,-0.13,-0.07,-0.12,-0.1,-0.06,-0.06,-0.1,-0.09,-0.06,0.01,-0.09,-0.09,-0.06,-0.07,-0.06,-0.04,0.05,-0.04,-0.04,-0.06,-0.06,0.02,0.09,0.19,0.21,0.1,0.12,0.05,0.12,-0.01,-0.09,-0.12,-0.16,-0.16,-0.13,-0.15,-0.06,-0.16,-0.09,0.02,-0.02,0,0,0,0,0,0.27,0.16,0.16,0,0,0,0,0,0,0,0,0,0,0,0,0,0,0,0,0,0,0,0,0,0,0,0,0,0,0,-0.15,-0.21,-0.2,-0.23,-0.23,-0.2,-0.16
-0.06,-0.02,-0.07,-0.07,-0.07,-0.09,-0.09,-0.04,-0.01,-0.06,0.01,-0.02,-0.09,-0.01,0.09,0.01,-0.06,-0.06,0.1,0.16,0.05,-0.02,-0.09,-0.06,-0.02,-0.02,0.12,0.15,0.12,0.09,0.02,0.05,-0.02,-0.12,-0.23,-0.37,-0.41,-0.32,-0.13,0.01,0.04,0.02,0.04,0.04,-0.06,0,0,0,0,0,0.01,-0.1,-0.01,0.12,0,0,0,0,0,0,0,0,0,0,0,0,0,0,0,0,0,0,0,0,0,0,0,0,0,-0.09,-0.09,-0.2,-0.15,-0.2,-0.09,-0.1
-0.12,-0.07,-0.06,-0.01,-0.02,-0.12,-0.01,0.1,0.09,0.05,0.02,-0.12,-0.16,-0.12,-0.13,-0.13,-0.16,-0.13,-0.06,-0.07,-0.02,-0.09,-0.02,-0.02,-0.1,-0.07,-0.1,-0.06,-0.06,0.05,0.12,0.02,0.01,-0.06,-0.2,-0.2,-0.07,-0.06,0.05,0.09,0.15,0.07,0.12,0.19,0.1,0.01,0.09,0,0,0,0,0.05,0.37,0.09,-0.07,0,0,0,0,0,0,0,0,0,0,0,0,0,0,0,0,0,0,0,0,0,0,0,0,-0.1,0.05,0.01,0.01,-0.13,-0.26,-0.26
-0.12,-0.1,-0.06,0.04,0.07,-0.02,-0.12,-0.1,-0.1,-0.12,-0.12,-0.1,-0.1,-0.12,-0.13,-0.13,-0.02,0.01,0.01,0.01,-0.09,-0.12,-0.12,-0.06,0.02,-0.1,-0.16,-0.15,-0.1,-0.06,-0.09,-0.06,0.01,0.07,0.09,0.21,0.16,0.07,0.01,0.01,0.09,0.02,0.13,0.19,0.12,0.04,0.05,0.09,0.16,0,0,0.15,-0.01,-0.02,0,0,0,0,0,0,0,0,0,0,0,0,0,0,0,0,0,0,0,0,0,0,0,0,0,-0.1,-0.06,0.07,-0.16,0.01,0.01,-0.09
-0.02,0.05,0.04,-0.06,-0.13,-0.13,-0.07,-0.01,-0.02,-0.01,-0.09,-0.1,-0.06,-0.12,0.01,0.05,-0.07,-0.06,-0.06,-0.06,-0.02,0.01,-0.01,0.02,0.05,0.04,-0.02,-0.01,-0.1,-0.12,-0.09,-0.09,-0.1,-0.04,0.1,0.16,0.21,0.09,-0.06,-0.02,-0.07,0.09,0.19,0.1,0.01,-0.02,0.05,0.07,-0.06,0,0,0,-0.12,-0.09,0.1,0,0,0,0,0,0,0,0,0,0,0,0,0,0,0,0,0,0,0,0,0,0,0,0,-0.16,-0.1,-0.07,-0.16,0.02,0.16,0.16
-0.02,-0.02,-0.06,-0.09,-0.12,-0.07,-0.09,-0.07,-0.1,-0.13,-0.04,-0.12,-0.15,-0.02,0.01,-0.02,-0.09,-0.06,-0.06,-0.06,-0.06,0.02,0.09,0.04,0.01,0.01,-0.04,-0.13,-0.1,-0.06,-0.07,-0.04,-0.02,-0.06,0.01,-0.12,-0.1,-0.07,-0.01,-0.01,-0.04,-0.13,-0.37,-0.31,-0.12,-0.06,0.02,0.12,0.02,0,0,0,0,-0.09,-0.04,0.02,-0.06,0,0,0,0,0,0,0,0,0,0,0,0,0,0,0,0,0,0,0,0,0,-0.06,-0.13,0.01,0.04,0.12,0.19,0.16,0.13
0.01,-0.04,-0.13,-0.16,-0.12,-0.09,-0.16,-0.23,-0.23,-0.26,-0.32,-0.21,-0.09,-0.06,-0.15,-0.15,-0.06,-0.09,-0.15,-0.12,-0.02,0.02,0.07,0.15,0.09,-0.09,-0.07,-0.06,-0.12,-0.06,-0.09,-0.2,-0.12,-0.01,-0.06,-0.09,-0.06,-0.12,-0.15,-0.15,-0.1,-0.18,-0.18,-0.12,-0.13,-0.01,0.02,0.09,0.05,0,0,0,-0.02,0.13,0.15,0.19,0.18,0.05,0,0,0,0,0,0,0,0,0,0,0,0,0,0,0,0,0,0,0,0,-0.16,-0.01,0.15,0.23,0.16,-0.02,-0.02,0.02
-0.06,-0.2,-0.02,0.1,0.09,-0.04,-0.13,-0.23,-0.32,-0.26,-0.2,-0.13,-0.12,-0.13,-0.12,-0.16,-0.1,-0.12,-0.15,-0.16,-0.1,-0.06,-0.18,-0.16,-0.13,-0.06,0.01,0.02,-0.02,-0.09,-0.09,-0.16,-0.16,-0.1,-0.09,-0.06,-0.06,-0.09,-0.12,-0.12,-0.12,0.01,-0.06,0.01,-0.07,-0.06,-0.04,-0.07,-0.02,0.05,0.16,0.1,0,0,-0.09,-0.02,0.19,0.19,0.05,0,0,0,0,0,0,0,0,0,0,0,0,0,0,0,0,0,0,0,-0.16,0.05,0.27,0.41,0.16,-0.2,-0.37,-0.06
-0.09,0.01,-0.06,-0.09,-0.02,0.12,0.01,-0.13,-0.09,-0.02,-0.06,-0.02,-0.02,-0.12,-0.13,-0.15,-0.2,-0.12,-0.01,0.01,-0.09,-0.12,-0.16,-0.15,-0.12,-0.09,-0.06,-0.04,-0.07,-0.15,-0.06,0.02,-0.07,-0.15,-0.15,-0.09,-0.02,-0.06,-0.12,-0.09,-0.02,0.13,0.13,0.12,0.07,-0.12,-0.13,-0.18,-0.18,-0.15,-0.02,0.19,0.16,0,0,-0.21,0.01,0.21,0.26,0.01,0,0,0,0,0,0,0,0,0,0,0,0,0,0,0,0,0,0,-0.12,0.01,0.05,0.13,-0.02,-0.23,-0.24,-0.31
-0.18,-0.26,-0.32,-0.13,-0.09,0.01,0.19,0.24,0.09,0.02,0.07,0.05,0.02,-0.06,-0.18,-0.13,-0.2,-0.18,-0.09,-0.12,-0.15,-0.13,-0.13,-0.27,-0.31,-0.23,-0.15,-0.16,-0.13,-0.06,-0.06,-0.04,-0.09,-0.12,-0.15,-0.1,-0.1,0.01,-0.02,-0.01,-0.09,-0.02,0.05,0.19,0.19,0.05,-0.09,-0.13,-0.12,0.02,0.12,0.16,0.18,0,-0.18,-0.15,-0.06,0.09,0.13,0.01,-0.16,0,0,0,0,0,0,0,0,0,0,0,0,0,0,0,0,0,-0.12,-0.13,-0.23,-0.27,-0.27,-0.27,-0.21,-0.2
-0.23,-0.2,-0.02,-0.07,-0.12,-0.1,-0.04,-0.02,-0.02,0.01,-0.01,-0.04,-0.13,-0.09,-0.04,0.01,-0.04,-0.02,-0.09,-0.18,-0.2,-0.15,-0.16,-0.09,-0.13,-0.13,-0.18,-0.16,-0.13,-0.13,-0.12,-0.06,-0.02,0.01,-0.06,-0.15,-0.15,-0.07,-0.06,-0.06,-0.09,-0.12,-0.12,-0.01,0.09,0.16,0.16,0.18,0.29,0.24,0.16,0.13,0.09,-0.13,-0.01,-0.06,0.02,0.02,0.01,0.09,-0.02,0.21,0,0,0,0,0,0,0,0,0,0,0,0,0,0,0,0,-0.07,-0.18,-0.21,-0.31,-0.21,-0.18,-0.09,0.05
-0.12,-0.04,0.01,-0.09,-0.2,-0.2,-0.24,-0.31,-0.37,-0.23,-0.12,-0.12,-0.13,-0.04,0.07,0.12,0.05,-0.12,-0.15,-0.21,-0.23,-0.21,-0.2,-0.24,-0.12,0.01,-0.06,-0.07,-0.12,-0.09,-0.06,-0.16,-0.18,-0.12,-0.07,-0.07,-0.09,0.02,0.01,-0.12,-0.16,-0.26,-0.32,-0.24,-0.16,-0.04,0.19,0.27,0.12,-0.02,-0.06,-0.12,-0.12,0.05,-0.04,0.13,-0.02,-0.16,-0.12,-0.02,0.1,0.13,0,0,0,0,0,0,0,0,0,0,0,0,0,0,0,0,0.1,-0.09,-0.15,-0.02,0.09,0.09,0.23,0.21
0.01,0.05,0.02,-0.09,-0.21,-0.27,-0.34,-0.18,-0.15,-0.24,-0.27,-0.16,-0.23,-0.27,-0.1,0.19,0.05,-0.09,-0.13,-0.06,-0.15,-0.23,-0.16,-0.07,0.02,0.01,-0.1,-0.16,-0.09,0.02,-0.04,-0.04,0.02,0.1,0.12,0.09,0.02,-0.02,0.01,-0.09,-0.13,-0.09,-0.02,0.02,0.1,0.12,0.07,0.09,-0.01,-0.15,-0.16,-0.13,-0.04,0.02,0.05,0.13,-0.09,-0.16,-0.02,0.07,-0.07,-0.02,0.04,0,0,0,0,0,0,0,0,0,0,0,0,0,0,0,0,0.02,0.01,0.01,-0.01,0.05,0.01,-0.2
-0.13,-0.13,-0.12,-0.12,-0.13,-0.2,-0.18,-0.06,-0.04,-0.24,-0.31,-0.32,-0.13,-0.13,-0.18,-0.18,-0.02,0.26,0.26,0.12,-0.01,-0.02,0.16,0.23,0.15,0.01,-0.13,-0.13,-0.02,-0.09,-0.16,-0.07,-0.02,-0.02,0.05,0.07,0.01,0.01,0.05,-0.02,-0.07,-0.06,-0.1,-0.09,-0.06,-0.1,-0.07,-0.04,0.01,-0.12,-0.13,-0.01,0.15,0.21,0.01,0.02,-0.04,-0.16,-0.09,-0.16,-0.06,-0.09,-0.16,0,0,0,0,0,0,0,0,0,0,0,0,0,0,0,0,-0.01,0.07,-0.06,-0.04,-0.02,-0.29,-0.26
-0.23,-0.2,-0.2,-0.24,-0.18,-0.18,-0.09,-0.12,-0.16,-0.24,-0.34,-0.41,-0.26,-0.13,-0.13,-0.24,-0.23,-0.1,0.02,0.01,0.02,0.05,-0.09,-0.04,-0.06,-0.13,-0.09,-0.06,-0.02,-0.09,-0.02,0.01,-0.07,-0.09,-0.06,-0.07,-0.09,-0.1,-0.09,-0.13,-0.13,-0.23,-0.31,-0.2,-0.04,-0.09,-0.09,-0.09,-0.13,-0.06,0.18,0.27,0.35,0.26,0.07,-0.02,0.12,0.18,-0.01,-0.21,-0.24,-0.07,0,0,0,0,0,0,0,0,0,0,0,0,0,0,0,0,0,0,0.07,0.04,-0.09,-0.07,-0.12,-0.13
