trunc-1.json
{"header": {"discipline":10,"disciplineName":"Oceanographic products","gribEdition":2,"gribLength":218191,"center":7,"centerName":"US National Weather Service - NCEP(WMC)","subcenter":0,"refTime":"2020-11-19T00:00:00.000Z","significanceOfRT":1,"significanceOfRTName":"Start of forecast","productStatus":0,"productStatusName":"Operational products","productType":1,"productTypeName":"Forecast products","productDefinitionTemplate":0,"productDefinitionTemplateName":"Analysis/forecast at horizontal level/layer at a point in time","parameterCategory":1,"parameterCategoryName":"Currents","parameterNumber":2,"parameterNumberName":"U_component_of_current","parameterUnit":"m.s-1","genProcessType":2,"genProcessTypeName":"Forecast","forecastTime":0,"surface1Type":1,"surface1TypeName":"Ground or water surface","surface1Value":0.0,"surface2Type":255,"surface2TypeName":"Missing","surface2Value":-9.999E-252,"gridDefinitionTemplate":0,"gridDefinitionTemplateName":"Latitude_Longitude","numberPoints":222480,"shape":6,"shapeName":"Earth spherical with radius of 6,371,229.0 m","gridUnits":"degrees","resolution":48,"winds":"true","scanMode":0,"nx":720,"ny":309,"basicAngle":0,"lo1":-179.5,"la1":77.0,"lo2":180.0,"la2":-77.0,"dx":0.5,"dy":0.5}, "data":
[rows 266 to 303 of 309, columns 430 to 515 of 720]
-0.07,-0.09,-0.06,-0.06,-0.02,0.1,0.09,0.05,-0.02,-0.09,-0.09,-0.06,-0.06,-0.12,-0.12,-0.13,-0.12,-0.09,-0.12,-0.06,0.04,0.01,-0.06,-0.1,-0.12,-0.12,-0.09,0.01,0.13,0.19,0.23,0.1,-0.06,0.01,0.09,0.16,0.19,0.19,0.23,0.07,-0.06,-0.06,-0.06,0.01,0.1,0.09,-0.01,-0.12,-0.15,-0.27,-0.27,-0.23,-0.12,-0.06,0.01,0.04,-0.02,-0.13,-0.13,-0.1,-0.06,-0.13,-0.12,-0.06,-0.07,-0.12,-0.09,0.01,0.04,0.02,0.01,0.02,0.01,-0.1,-0.09,-0.04,-0.02,-0.02,0.02,-0.02,-0.06,-0.01,0.05,0.18,0.19,0.24
0.02,-0.04,-0.01,0.05,-0.1,-0.16,-0.15,-0.06,-0.02,-0.02,-0.01,0.02,-0.02,-0.12,-0.13,-0.18,-0.16,-0.1,-0.07,-0.02,-0.04,-0.13,-0.18,-0.09,-0.04,-0.09,-0.16,-0.23,-0.2,-0.1,-0.12,-0.06,-0.07,-0.09,-0.06,-0.09,-0.09,-0.06,-0.01,0.09,0.04,0.07,0.09,0.13,0.1,0.05,0.02,-0.09,-0.02,-0.02,0.02,0.02,-0.2,-0.24,-0.13,0.12,0.13,-0.01,-0.04,-0.02,-0.09,-0.12,-0.12,-0.07,-0.24,-0.15,-0.13,-0.13,-0.09,-0.02,-0.04,-0.07,-0.1,-0.09,-0.13,-0.18,-0.21,-0.15,-0.12,-0.13,-0.06,-0.06,0.05,0.05,-0.06,-0.06
0.05,0.04,-0.04,0.01,-0.04,-0.07,-0.07,-0.06,0.01,-0.02,0.02,-0.02,0.01,-0.04,-0.09,-0.16,-0.13,-0.18,-0.16,-0.12,-0.13,-0.16,-0.16,-0.15,-0.1,-0.1,-0.04,-0.13,-0.2,-0.23,-0.21,-0.13,-0.13,-0.13,-0.06,-0.01,0.01,-0.02,-0.06,-0.09,-0.09,-0.07,-0.1,-0.1,-0.07,0.02,0.07,0.1,0.19,0.26,0.26,0.02,0.07,0.1,0.13,-0.01,0.02,0.07,-0.02,-0.04,-0.06,-0.09,-0.04,-0.12,-0.16,-0.07,-0.06,-0.06,-0.02,-0.07,-0.04,-0.13,-0.06,-0.09,-0.06,-0.04,-0.06,-0.16,-0.23,-0.12,-0.01,-0.02,-0.04,-0.1,-0.09,-0.13
-0.06,-0.07,-0.04,-0.04,0.01,0.01,-0.02,0.01,0.02,0.02,0.04,0.01,-0.02,-0.06,-0.07,-0.04,-0.09,-0.1,-0.09,-0.13,-0.15,-0.16,-0.1,-0.02,-0.07,-0.02,-0.07,-0.07,-0.07,-0.15,-0.13,-0.13,-0.07,-0.09,-0.1,-0.09,-0.13,-0.13,-0.07,-0.02,0.05,0.04,0.02,0.02,-0.02,-0.09,-0.02,0.05,-0.06,-0.09,-0.06,-0.06,0.05,0.12,0.01,-0.12,-0.09,0.05,0.15,0.01,-0.04,-0.09,-0.01,0.07,0.04,0.02,-0.02,0.01,0.04,0.01,0.01,0.02,0.02,0.01,0.02,0.01,0.02,0.02,0.05,0.01,0.01,-0.02,-0.16,-0.16,-0.13,-0.07
0.02,-0.1,-0.12,-0.02,0.02,0.02,0.01,0.01,0.01,-0.04,-0.02,-0.01,-0.02,0.01,-0.02,0.01,-0.01,-0.12,-0.12,-0.12,-0.02,-0.01,0.02,-0.06,-0.06,-0.12,-0.12,-0.18,-0.16,-0.16,-0.23,-0.2,-0.2,-0.09,-0.09,-0.12,-0.09,-0.07,-0.06,-0.02,-0.01,0.02,-0.01,-0.12,-0.09,-0.09,-0.06,-0.1,-0.06,-0.04,0.01,0.1,0.01,-0.07,-0.02,-0.02,-0.07,0.02,0.02,0.04,0.13,0.18,0.12,-0.06,-0.01,0.12,0.18,0.16,0.01,0.07,0.15,0.07,0.02,0.05,0.02,-0.06,-0.12,-0.15,-0.12,0.01,0.02,-0.16,-0.2,-0.16,-0.15,-0.13
-0.09,-0.02,0.02,0.02,0.01,0.01,0.01,0.09,0.07,0.02,0.05,0.09,0.01,0.02,-0.02,-0.04,-0.1,-0.13,-0.13,-0.18,-0.21,-0.2,-0.23,-0.24,-0.31,-0.23,-0.18,-0.12,-0.13,-0.16,-0.18,-0.2,-0.13,-0.06,-0.02,0.02,0.05,0.05,0.05,0.01,-0.07,-0.16,-0.12,-0.1,-0.13,-0.07,-0.06,0.05,-0.02,-0.09,-0.16,-0.13,-0.06,-0.09,-0.12,0.01,0.02,0.01,-0.01,-0.02,-0.06,-0.12,-0.09,-0.02,-0.02,-0.06,-0.1,-0.06,0.02,0.02,0.07,0.05,-0.04,-0.15,-0.16,-0.06,0.01,-0.01,-0.1,-0.2,-0.23,-0.12,-0.13,-0.18,-0.21,-0.24
-0.16,-0.18,-0.1,0.02,0.04,0.01,0.09,0.02,-0.02,0.01,-0.06,-0.07,-0.1,-0.04,-0.02,-0.06,-0.12,-0.09,-0.04,-0.12,-0.13,-0.13,-0.24,-0.15,-0.04,-0.02,-0.06,-0.15,-0.16,-0.16,-0.15,-0.09,-0.06,-0.02,-0.02,-0.07,-0.09,-0.13,-0.13,-0.1,-0.09,-0.09,-0.06,-0.1,-0.16,-0.16,-0.12,-0.1,-0.06,-0.07,-0.06,-0.02,0.02,-0.04,-0.06,-0.02,-0.06,0.01,0.02,-0.02,-0.09,-0.09,-0.04,0.09,-0.04,0.02,0.05,0.02,0.02,0.05,0.05,0.01,-0.02,-0.09,-0.09,-0.09,-0.12,-0.13,-0.09,-0.09,-0.09,-0.13,-0.12,-0.16,-0.18,-0.15
-0.07,-0.1,-0.12,-0.16,-0.1,-0.07,-0.02,0.01,-0.02,-0.1,-0.06,-0.09,-0.09,-0.12,-0.15,-0.07,0.01,-0.04,-0.09,-0.06,-0.02,-0.06,-0.04,0.01,0.02,0.01,-0.02,-0.09,-0.07,-0.09,-0.06,-0.01,-0.02,-0.02,0.02,0.01,-0.09,-0.1,-0.09,-0.09,-0.06,-0.04,-0.02,-0.02,-0.06,-0.06,-0.09,-0.06,0.01,0.04,0.05,-0.01,-0.02,-0.02,-0.01,0.02,0.02,0.05,0.09,-0.04,-0.07,-0.09,-0.1,-0.02,0.02,-0.01,-0.04,-0.06,0.04,-0.02,0.01,-0.01,-0.06,-0.06,-0.12,-0.18,-0.15,-0.13,-0.16,-0.13,-0.13,-0.12,-0.13,-0.13,-0.15,-0.18
0.05,0.02,0.01,-0.06,-0.12,-0.13,-0.16,-0.2,-0.18,-0.16,-0.16,-0.12,-0.1,-0.09,-0.06,-0.01,0.05,0.02,0.04,-0.01,-0.02,-0.02,-0.02,-0.09,-0.15,-0.12,-0.06,-0.06,-0.06,-0.02,-0.02,-0.04,-0.01,-0.01,-0.02,-0.02,-0.02,-0.02,-0.02,-0.06,-0.06,-0.06,-0.06,-0.06,-0.02,0.01,0.01,-0.02,-0.02,-0.01,0.02,0.07,0.02,0.01,0.01,0.01,0.01,0.01,-0.06,-0.04,-0.09,0.01,0.15,0.02,-0.01,0.02,0.07,-0.01,0.05,0.01,-0.06,-0.09,0.01,0.02,0.02,-0.01,-0.09,-0.18,-0.12,-0.06,-0.1,-0.12,-0.02,-0.13,-0.13,-0.06
0.05,0.04,0.01,-0.06,-0.07,-0.12,-0.13,-0.1,-0.09,-0.09,-0.09,-0.09,-0.1,-0.12,-0.1,-0.1,-0.12,-0.1,-0.07,-0.06,-0.06,-0.07,-0.09,-0.12,-0.04,-0.02,-0.06,-0.06,-0.06,-0.06,-0.04,-0.04,-0.02,-0.02,-0.04,-0.06,-0.06,-0.06,-0.06,-0.06,-0.06,-0.06,-0.06,-0.04,-0.02,-0.02,-0.02,-0.02,-0.04,-0.04,-0.06,-0.04,-0.01,0.01,0.01,-0.02,-0.04,-0.02,-0.02,-0.01,0.04,0.05,0.02,0.02,0.01,-0.01,0.01,0.01,0.01,0.01,0.05,0.09,0.1,0.13,0.13,0.16,0.13,0.12,0.1,0.02,-0.02,0.02,0.05,0.07,0.09,0.05
-0.12,-0.13,-0.15,-0.15,-0.12,-0.06,-0.06,-0.07,-0.09,-0.09,-0.1,-0.1,-0.12,-0.12,-0.16,-0.18,-0.16,-0.2,-0.2,-0.2,-0.18,-0.15,-0.09,-0.13,-0.13,-0.09,-0.07,-0.07,-0.06,-0.02,0.01,-0.01,-0.06,-0.07,-0.09,-0.09,-0.06,-0.02,-0.02,-0.02,-0.04,-0.04,-0.04,-0.04,-0.02,-0.02,-0.02,-0.01,-0.02,-0.04,-0.02,0.01,0.01,-0.01,-0.02,-0.04,-0.04,-0.02,-0.02,-0.02,0.01,0.01,0.04,0.05,0.04,0.02,0.02,0.02,-0.01,-0.02,-0.01,0.02,0.01,-0.06,-0.02,0.01,0.04,0.09,0.12,0.1,0.1,0.09,0.09,0.04,0.02,0.05
-0.13,-0.13,-0.13,-0.13,-0.12,-0.1,-0.09,-0.09,-0.07,-0.06,-0.07,-0.09,-0.1,-0.12,-0.13,-0.13,-0.13,-0.13,-0.15,-0.16,-0.16,-0.15,-0.13,-0.13,-0.18,-0.16,-0.12,-0.07,-0.06,-0.09,-0.09,-0.09,-0.09,-0.07,-0.04,-0.02,-0.02,-0.02,-0.04,-0.02,-0.02,-0.02,-0.01,-0.02,-0.02,-0.02,-0.02,-0.02,-0.02,-0.02,-0.01,-0.02,-0.02,-0.02,-0.02,-0.02,-0.02,0.01,0.02,0.02,0.02,0.01,0.01,0.02,0.02,0.02,0.02,0.01,0.02,0.02,0.04,0.01,-0.01,0.01,0.01,0.01,0.02,0.04,0.05,0.05,0.07,0.05,0.04,0.04,0.02,0.01
-0.12,-0.12,-0.12,-0.1,-0.09,-0.09,-0.07,-0.06,-0.06,-0.06,-0.06,-0.06,-0.07,-0.06,-0.07,-0.09,-0.1,-0.09,-0.09,-0.09,-0.09,-0.07,-0.07,-0.06,-0.06,-0.06,-0.07,-0.09,-0.07,-0.04,-0.01,0.01,0.02,0.01,-0.02,-0.04,-0.04,-0.02,-0.02,-0.02,-0.02,-0.02,-0.02,-0.01,-0.01,-0.02,-0.02,-0.01,0.01,0.01,0.01,0.01,0.01,-0.01,-0.04,-0.04,-0.02,-0.01,0.01,0.01,0.01,0.01,0.01,0.02,0.02,0.02,0.02,0.01,0.02,0.02,0.02,0.02,0.02,0.04,0.05,0.04,0.04,0.04,0.05,0.04,0.05,0.05,0.02,0.01,0.02,0.02
-0.07,-0.09,-0.07,-0.07,-0.06,-0.06,-0.06,-0.06,-0.06,-0.09,-0.09,-0.09,-0.09,-0.09,-0.09,-0.09,-0.09,-0.1,-0.1,-0.1,-0.1,-0.09,-0.09,-0.04,0.01,0.01,-0.02,-0.02,0.01,0.01,-0.02,-0.06,-0.07,-0.09,-0.09,-0.07,-0.06,-0.06,-0.04,-0.02,-0.01,-0.01,-0.01,-0.02,-0.02,-0.02,-0.02,-0.02,-0.02,-0.02,-0.02,-0.01,0.01,0.01,-0.01,-0.02,-0.01,-0.01,0.01,0.01,0.02,0.02,0.02,0.01,0.01,0.01,-0.01,0.01,0.04,0.05,0.02,0.01,0.01,0.01,0.02,0.04,0.02,0.02,0.02,0.04,0.02,0.02,0.04,0.02,0.02,0.02
-0.04,-0.02,-0.02,-0.02,-0.04,-0.04,-0.06,-0.06,-0.06,-0.06,-0.06,-0.06,-0.06,-0.06,-0.04,-0.06,-0.06,-0.07,-0.09,-0.09,-0.1,-0.12,-0.13,-0.13,-0.15,-0.15,-0.12,-0.09,-0.06,-0.07,-0.09,-0.09,-0.07,-0.06,-0.02,-0.02,-0.02,-0.02,-0.01,-0.02,-0.02,-0.02,-0.04,-0.04,-0.02,-0.02,-0.02,-0.02,-0.02,-0.02,-0.02,-0.02,-0.01,0.01,0.01,-0.01,-0.02,-0.01,0.01,0.01,0.01,0.01,-0.01,-0.02,-0.02,-0.01,-0.01,-0.01,0.01,0.01,-0.01,-0.01,0.01,0.01,0.01,0.01,0.02,0.04,0.04,0.02,0.02,0.02,0.01,0.01,0.01,0.01
-0.02,-0.02,-0.04,-0.04,-0.04,-0.04,-0.04,-0.04,-0.04,-0.04,-0.04,-0.04,-0.02,-0.02,-0.02,-0.02,-0.02,-0.02,-0.04,-0.06,-0.07,-0.09,-0.12,-0.13,-0.15,-0.15,-0.15,-0.15,-0.15,-0.13,-0.12,-0.09,-0.07,-0.06,-0.06,-0.04,-0.02,-0.01,-0.01,-0.01,0.01,0.01,-0.01,-0.01,-0.02,-0.02,-0.02,-0.02,-0.04,-0.04,-0.02,-0.02,-0.02,-0.02,-0.02,-0.02,-0.02,-0.02,-0.01,0.01,0.01,0.02,0.02,0.01,0.01,0.01,-0.01,-0.01,0.01,0.01,0.02,0.02,0.04,0.05,0.05,0.02,0.01,0.04,0.02,0.02,0.05,0.05,0.04,0.05,0.05,0.02
-0.04,-0.04,-0.04,-0.04,-0.04,-0.04,-0.04,-0.04,-0.04,-0.02,-0.02,-0.02,-0.01,-0.02,-0.02,-0.02,-0.02,-0.02,-0.04,-0.04,-0.04,-0.06,-0.09,-0.12,-0.12,-0.12,-0.13,-0.13,-0.13,-0.15,-0.13,-0.13,-0.13,-0.12,-0.09,-0.06,-0.04,-0.02,-0.02,-0.02,-0.02,-0.02,-0.02,-0.04,-0.04,-0.02,-0.02,-0.04,-0.04,-0.02,-0.01,0.01,-0.01,-0.02,-0.04,-0.04,-0.02,0.01,0.01,0.01,0.02,0.02,0.02,0.02,0.01,-0.01,-0.01,-0.01,-0.01,0.01,0.01,-0.01,0.01,0.01,0.02,0.05,0.05,0.02,0.04,0.02,0.01,0.02,0.02,0.01,0.01,-0.01
-0.04,-0.04,-0.04,-0.04,-0.06,-0.04,-0.04,-0.04,-0.04,-0.04,-0.04,-0.04,-0.04,-0.02,-0.02,-0.02,-0.02,-0.02,-0.02,-0.04,-0.04,-0.06,-0.04,-0.06,-0.09,-0.12,-0.12,-0.13,-0.13,-0.13,-0.13,-0.13,-0.13,-0.13,-0.12,-0.12,-0.13,-0.12,-0.12,-0.1,-0.09,-0.09,-0.09,-0.07,-0.06,-0.06,-0.06,-0.04,-0.02,-0.01,-0.01,-0.01,-0.01,-0.01,0.01,0.01,0.01,0.01,0.01,0.01,0.01,0.01,0.01,0.01,-0.02,-0.02,0.01,0.01,0.01,0.01,0.01,0.01,0.01,0.01,0.01,0.01,0.01,0.01,-0.01,-0.02,-0.02,-0.04,-0.06,-0.02,-0.02,-0.01
-0.02,-0.02,-0.04,-0.04,-0.04,-0.04,-0.04,-0.04,-0.04,-0.04,-0.04,-0.06,-0.06,-0.06,-0.06,-0.04,-0.04,-0.02,-0.02,-0.02,-0.02,-0.02,-0.04,-0.04,-0.06,-0.06,-0.09,-0.1,-0.13,-0.16,-0.16,-0.16,-0.18,-0.18,-0.2,-0.2,-0.2,-0.2,-0.18,-0.16,-0.16,-0.13,-0.13,-0.12,-0.09,-0.07,-0.06,-0.02,-0.01,-0.01,-0.01,-0.01,-0.01,-0.01,-0.01,0.01,-0.01,-0.04,-0.06,-0.06,-0.04,-0.02,-0.02,-0.02,-0.04,-0.06,-0.04,-0.02,-0.02,-0.02,-0.02,-0.02,-0.02,-0.02,-0.02,-0.02,-0.02,-0.02,-0.02,-0.04,-0.02,-0.01,-0.01,-0.02,-0.04,-0.06
-0.02,-0.01,-0.01,-0.02,-0.02,-0.02,-0.02,-0.04,-0.04,-0.06,-0.06,-0.06,-0.06,-0.06,-0.06,-0.06,-0.06,-0.04,-0.06,-0.04,-0.04,-0.02,-0.04,-0.04,-0.04,-0.06,-0.06,-0.02,-0.04,-0.07,-0.12,-0.18,-0.23,-0.27,-0.24,-0.23,-0.27,-0.23,-0.24,-0.24,-0.21,-0.16,-0.16,-0.15,-0.13,-0.12,-0.1,-0.07,-0.06,-0.06,-0.06,-0.06,-0.06,-0.06,-0.09,-0.09,-0.09,-0.09,-0.09,-0.07,-0.06,-0.06,-0.06,-0.06,-0.02,-0.02,-0.04,-0.06,-0.06,-0.06,-0.04,-0.02,-0.02,-0.02,-0.02,-0.02,-0.02,-0.02,-0.01,0.01,0.01,-0.02,-0.02,-0.06,-0.06,-0.06
-0.02,-0.02,-0.02,-0.02,-0.02,-0.02,-0.02,-0.02,-0.04,-0.04,-0.06,-0.06,-0.06,-0.06,-0.06,-0.06,-0.06,-0.06,-0.06,-0.06,-0.06,-0.06,-0.06,-0.06,-0.07,-0.07,-0.07,-0.04,-0.12,-0.12,-0.09,-0.09,0,0,0,0,0,0,0,0,0,-0.09,-0.12,-0.13,-0.12,-0.13,-0.13,-0.13,-0.13,-0.13,-0.13,-0.13,-0.13,-0.13,-0.12,-0.12,-0.12,-0.12,-0.12,-0.12,-0.1,-0.1,-0.12,-0.09,-0.06,-0.06,-0.06,-0.06,-0.06,-0.06,-0.04,-0.04,-0.04,-0.02,-0.02,-0.01,0.01,0.01,-0.02,-0.04,-0.04,-0.04,-0.04,-0.04,-0.02,-0.02
-0.04,-0.02,-0.04,-0.04,-0.04,-0.04,-0.04,-0.04,-0.04,-0.04,-0.04,-0.04,-0.04,-0.04,-0.06,-0.06,-0.06,-0.06,-0.06,-0.07,-0.07,-0.07,-0.09,-0.12,-0.1,-0.1,-0.09,-0.06,-0.02,-0.04,0,0,0,0,0,0,0,0,0,0,0,0,0,0,-0.04,-0.07,-0.12,-0.13,-0.13,-0.12,-0.12,-0.13,-0.15,-0.18,-0.16,-0.18,-0.16,-0.16,-0.13,-0.15,-0.13,-0.13,-0.12,-0.09,-0.09,-0.06,-0.04,-0.04,-0.02,-0.02,-0.02,-0.02,-0.04,-0.06,-0.06,-0.04,-0.02,-0.02,-0.02,-0.02,-0.04,-0.06,-0.06,-0.07,-0.07,-0.06
-0.04,-0.04,-0.04,-0.04,-0.04,-0.04,-0.04,-0.06,-0.06,-0.04,-0.04,-0.06,-0.06,-0.04,-0.04,-0.06,-0.06,-0.09,-0.1,-0.1,-0.09,-0.09,-0.07,-0.06,-0.04,-0.02,0,0,0,0,0,0,0,0,0,0,0,0,0,0,0,0,0,0,0,0,-0.04,-0.02,-0.02,-0.06,-0.1,-0.07,-0.07,-0.1,-0.12,-0.09,-0.09,-0.13,-0.09,-0.04,-0.02,-0.02,-0.06,-0.09,-0.09,-0.07,-0.02,-0.02,-0.06,-0.06,-0.06,-0.02,-0.01,-0.01,-0.01,-0.02,-0.06,-0.13,-0.13,-0.09,-0.01,0.05,0.1,0.12,0.01,-0.23
-0.04,-0.04,-0.04,-0.04,-0.04,-0.04,-0.06,-0.06,-0.06,-0.06,-0.06,-0.07,-0.07,-0.09,-0.09,-0.09,-0.06,-0.02,-0.02,-0.02,-0.02,-0.01,0,0,0,-0.02,0,0,0,0,0,0,0,0,0,0,0,0,0,0,0,0,0,0,0,0,0,0,0,0,0,0,0,0,-0.06,0,0,0,-0.04,-0.04,-0.09,-0.09,-0.09,-0.06,-0.02,-0.01,-0.02,-0.13,-0.38,-0.23,-0.12,-0.07,-0.04,-0.02,-0.02,-0.02,-0.04,-0.06,-0.07,-0.04,0.02,0.12,0.16,0.16,0.13,0.07
-0.06,-0.07,-0.07,-0.06,-0.06,-0.07,-0.07,-0.09,-0.09,-0.1,-0.09,-0.06,-0.02,-0.01,0.01,0,0,0,0,0,0,0,0,0,0,0,0,0,0,0,0,0,0,0,0,0,0,0,0,0,0,0,0,0,0,0,0,0,0,0,0,0,0,0,0,0,0,0,0,0,0,0,0,0,0,0,0,0,0,-0.04,-0.04,-0.04,-0.02,-0.02,-0.02,-0.02,-0.04,-0.04,-0.06,-0.02,0.01,0.02,0.02,0.05,0.09,0.05
0.01,0.01,0.01,0.01,0.01,-0.02,-0.02,0.01,0.01,-0.01,-0.02,0,0,0,0,0,0,0,0,0,0,0,0,0,0,0,0,0,0,0,0,0,0,0,0,0,0,0,0,0,0,0,0,0,0,0,0,0,0,0,0,0,0,0,0,0,0,0,0,0,0,0,0,0,0,0,0,0,0,0,-0.01,-0.02,-0.01,-0.01,-0.01,-0.02,-0.01,-0.02,-0.02,-0.02,-0.02,0.01,0.01,0.01,-0.02,0
-0.02,0,-0.02,-0.01,-0.01,0.01,0.01,0.01,-0.01,0,0,0,0,0,0,0,0,0,0,0,0,0,0,0,0,0,0,0,0,0,0,0,0,0,0,0,0,0,0,0,0,0,0,0,0,0,0,0,0,0,0,0,0,0,0,0,0,0,0,0,0,0,0,0,0,0,0,0,0,0,0,0,0,0,0,0,0,-0.02,-0.01,-0.02,-0.02,0.01,-0.02,-0.04,-0.04,0
0,0,0,-0.01,0,0.01,-0.02,-0.02,0,0,0,0,0,0,0,0,0,0,0,0,0,0,0,0,0,0,0,0,0,0,0,0,0,0,0,0,0,0,0,0,0,0,0,0,0,0,0,0,0,0,0,0,0,0,0,0,0,0,0,0,0,0,0,0,0,0,0,0,0,0,0,0,0,0,0,0,0,0,0.01,0,-0.01,0,0,0,0,0
0,0,0,0,0,0,0,0,0,0,0,0,0,0,0,0,0,0,0,0,0,0,0,0,0,0,0,0,0,0,0,0,0,0,0,0,0,0,0,0,0,0,0,0,0,0,0,0,0,0,0,0,0,0,0,0,0,0,0,0,0,0,0,0,0,0,0,0,0,0,0,0,0,0,0,0,0,0,0,0,0,0,0,0,0,0
0,0,0,0,0,0,0,0,0,0,0,0,0,0,0,0,0,0,0,0,0,0,0,0,0,0,0,0,0,0,0,0,0,0,0,0,0,0,0,0,0,0,0,0,0,0,0,0,0,0,0,0,0,0,0,0,0,0,0,0,0,0,0,0,0,0,0,0,0,0,0,0,0,0,0,0,0,0,0,0,0,0,0,0,0,0
0,0,0,0,0,0,0,0,0,0,0,0,0,0,0,0,0,0,0,0,0,0,0,0,0,0,0,0,0,0,0,0,0,0,0,0,0,0,0,0,0,0,0,0,0,0,0,0,0,0,0,0,0,0,0,0,0,0,0,0,0,0,0,0,0,0,0,0,0,0,0,0,0,0,0,0,0,0,0,0,0,0,0,0,0,0
0,0,0,0,0,0,0,0,0,0,0,0,0,0,0,0,0,0,0,0,0,0,0,0,0,0,0,0,0,0,0,0,0,0,0,0,0,0,0,0,0,0,0,0,0,0,0,0,0,0,0,0,0,0,0,0,0,0,0,0,0,0,0,0,0,0,0,0,0,0,0,0,0,0,0,0,0,0,0,0,0,0,0,0,0,0
0,0,0,0,0,0,0,0,0,0,0,0,0,0,0,0,0,0,0,0,0,0,0,0,0,0,0,0,0,0,0,0,0,0,0,0,0,0,0,0,0,0,0,0,0,0,0,0,0,0,0,0,0,0,0,0,0,0,0,0,0,0,0,0,0,0,0,0,0,0,0,0,0,0,0,0,0,0,0,0,0,0,0,0,0,0
0,0,0,0,0,0,0,0,0,0,0,0,0,0,0,0,0,0,0,0,0,0,0,0,0,0,0,0,0,0,0,0,0,0,0,0,0,0,0,0,0,0,0,0,0,0,0,0,0,0,0,0,0,0,0,0,0,0,0,0,0,0,0,0,0,0,0,0,0,0,0,0,0,0,0,0,0,0,0,0,0,0,0,0,0,0
0,0,0,0,0,0,0,0,0,0,0,0,0,0,0,0,0,0,0,0,0,0,0,0,0,0,0,0,0,0,0,0,0,0,0,0,0,0,0,0,0,0,0,0,0,0,0,0,0,0,0,0,0,0,0,0,0,0,0,0,0,0,0,0,0,0,0,0,0,0,0,0,0,0,0,0,0,0,0,0,0,0,0,0,0,0
0,0,0,0,0,0,0,0,0,0,0,0,0,0,0,0,0,0,0,0,0,0,0,0,0,0,0,0,0,0,0,0,0,0,0,0,0,0,0,0,0,0,0,0,0,0,0,0,0,0,0,0,0,0,0,0,0,0,0,0,0,0,0,0,0,0,0,0,0,0,0,0,0,0,0,0,0,0,0,0,0,0,0,0,0,0
0,0,0,0,0,0,0,0,0,0,0,0,0,0,0,0,0,0,0,0,0,0,0,0,0,0,0,0,0,0,0,0,0,0,0,0,0,0,0,0,0,0,0,0,0,0,0,0,0,0,0,0,0,0,0,0,0,0,0,0,0,0,0,0,0,0,0,0,0,0,0,0,0,0,0,0,0,0,0,0,0,0,0,0,0,0
0,0,0,0,0,0,0,0,0,0,0,0,0,0,0,0,0,0,0,0,0,0,0,0,0,0,0,0,0,0,0,0,0,0,0,0,0,0,0,0,0,0,0,0,0,0,0,0,0,0,0,0,0,0,0,0,0,0,0,0,0,0,0,0,0,0,0,0,0,0,0,0,0,0,0,0,0,0,0,0,0,0,0,0,0,0
