WWIII_reconciliated.json
{"header": {"discipline":10,"gribEdition":2,"gribLength":276162,"center":7,"subcenter":0,"refTime":"2021-03-29T00:00:00.000Z","significanceOfRT":1,"productStatus":0,"productType":1,"productDefinitionTemplate":0,"parameterCategory":0,"parameterNumber":14,"parameterUnit":"Unknown","genProcessType":2,"forecastTime":0,"surface1Type":1,"surface1Value":0,"surface2Type":255,"surface2Value":-9.999e-252,"gridDefinitionTemplate":0,"numberPoints":222480,"shape":6,"gridUnits":"degrees","resolution":48,"winds":"true","scanMode":64,"nx":720,"ny":309,"basicAngle":0,"lo1":-179.5,"la1":77,"lo2":180,"la2":-77,"dx":0.5,"dy":0.5}, "data":
[rows 111 to 147 of 309, columns 492 to 573 of 720]
244.19,260.5,273.59,282.59,287.81,288.09,274.09,0,0,0,0,0,233.09,0,0,0,0,0,0,0,0,0,0,0,0,0,0,0,0,0,0,0,0,0,0,0,0,0,0,0,0,0,199.09,212.41,216,214.91,214.81,220.5,221,218.19,216.5,0,0,0,0,0,0,0,0,0,0,0,0,0,0,0,0,0,0,0,0,0,0,0,0,0,0,0,0,0,0,0
233.41,256.5,275.09,288.19,294.19,294.59,290.81,279.81,0,0,0,217.91,241.59,0,0,0,0,0,0,0,0,0,0,0,0,0,0,0,0,0,0,0,0,0,0,0,0,0,0,0,0,184.5,200.81,210.5,215.31,219.91,218.81,219.09,219.69,219.69,217.69,218.59,233.81,0,0,0,0,0,0,0,0,0,0,0,0,0,0,0,0,0,0,0,0,0,0,0,0,0,0,0,0,0
224.5,253.59,277.5,291.81,297.91,299.19,298.31,298,291.19,276.91,266,260.91,262.09,0,0,0,0,0,0,0,0,0,0,0,0,0,0,0,0,0,0,0,0,0,0,0,0,0,0,0,0,199.91,206.09,213.91,216.41,217.91,220.09,219.09,215,215.09,213.91,215,220.69,0,0,0,0,0,0,0,0,0,0,0,0,0,0,0,0,0,0,0,0,0,0,0,0,0,0,0,0,158.41
220.31,256.09,282,294.41,299.81,302,304.69,307.19,303.91,300.19,288.59,278.69,270.59,0,0,0,0,0,0,0,0,0,0,0,0,0,0,0,0,0,0,0,0,0,0,0,0,0,0,0,202.91,213.31,216.5,219.69,216.69,214.91,216,215.31,213.91,211.91,212,215,223.19,234,0,0,0,0,0,0,0,0,0,0,0,0,0,0,0,0,0,0,0,0,0,0,0,0,0,0,147.81,155.91
216.91,266.5,291.41,300,302.91,304.59,307.91,310.09,309.41,306.09,294.31,282.09,271.41,0,0,0,0,0,0,0,0,0,0,0,0,0,0,0,0,0,0,0,0,0,0,0,0,0,196.09,205.59,212.69,220.81,221.81,220.09,217,213.81,212.31,209.19,207.09,207.81,208.5,215.5,225,227,239.81,0,0,0,0,0,0,0,0,0,0,0,0,0,0,0,0,0,0,0,0,0,0,0,0,133.81,144.19,149.69
212.59,290.91,305.91,309.91,310.5,309.91,312.19,312.91,311.59,308.5,294.91,283.91,275.09,277.91,0,0,0,0,0,0,0,0,0,0,0,0,0,0,0,0,0,0,0,0,0,0,0,196.69,205.31,211.09,215,220.09,221.59,221.41,217.81,215.31,211.31,206.91,204.81,205.91,208.91,214.59,220.31,226.69,231.41,243,0,0,0,0,0,0,0,0,0,0,0,0,0,0,0,0,0,0,0,0,0,0,0,121.09,137.81,142.19
350.09,329.5,325.59,323.41,320.91,316.91,316,318.19,319.69,316.09,300.91,287.31,277.81,0,0,0,0,0,0,0,0,0,0,0,0,0,0,0,0,0,0,0,0,0,0,0,191.19,199.81,203.69,205.19,209.91,212.59,218.41,216,211.31,207.19,204,202.91,204.41,207.09,211.59,216.09,219.41,226.31,232.69,241.69,0,0,0,0,0,0,0,0,0,0,0,0,0,0,0,0,0,0,0,0,0,0,0,101.91,122.59,130.41
15.81,353.19,343.81,336.19,330,324.91,323.09,324.59,323.69,320.09,306.31,291.19,282.41,258.31,0,0,0,0,0,0,0,0,0,0,0,0,0,0,0,0,0,0,0,0,0,183.31,196.31,198.59,199.19,200.41,200.91,202.5,204.81,206.19,203.59,201.81,199.31,199.41,202.19,207.31,211.91,218.31,219.69,224.59,232.69,248.41,0,0,0,0,0,0,0,0,0,0,0,0,0,0,0,0,0,0,0,0,0,0,0,0,0,117.41
19.81,5.69,354.69,345.19,337.59,332.19,330.41,327.81,327,317.69,307.91,293.69,285.81,271,0,0,0,0,0,0,0,0,0,0,0,0,0,0,0,0,0,0,0,0,181.81,191.5,195.91,197.69,196.09,194.91,194.09,194.5,195.09,196.31,198.09,197.91,198.19,199.19,201.09,204.91,210.19,217.31,219.81,223.41,234,261.5,285.59,0,0,0,0,0,0,0,0,0,0,0,0,0,0,0,0,0,0,0,0,0,0,0,93,101.91
22.91,10.31,359.19,350,341.91,335.31,333,329.81,326,317.81,304.31,293.91,287.5,276.09,0,0,0,0,0,0,0,0,0,0,0,0,0,0,0,0,0,0,164,178.5,187.31,191.69,192.59,191.5,190.09,190.09,190.59,191.31,191.5,192.59,193.59,194.69,196.09,197.59,200.09,203.31,208.81,215.19,218.09,222.09,236.91,268.41,0,0,0,0,0,205.81,0,0,0,0,0,0,0,0,0,0,0,0,0,0,0,0,0,0,0,0
24.91,13.5,2.19,353.91,344.69,339,335.81,331.19,324.5,315.81,306,295.69,284.41,276.41,0,0,0,0,0,0,0,0,0,0,0,0,0,0,0,0,0,0,169.69,177.91,182.81,184.59,183.09,181.5,182.81,185.09,187.09,188.91,190.59,191.31,192.31,193.5,195.31,197.41,199.5,202.31,207.91,212.81,216.41,223.81,240.59,274,0,0,0,0,208.19,226.91,0,0,0,0,0,0,0,0,0,0,0,0,0,0,0,0,0,0,0,0
25.59,15.91,5.91,354.81,346.81,342.09,337.69,331.5,325.31,316.69,307.41,295.81,280.59,265.81,0,0,0,0,0,0,0,0,0,0,0,0,0,0,0,0,165.19,171.81,175.31,177,176.41,175,173.91,175.09,178.41,181.91,184.59,186.81,188.91,190.41,191.59,193,194.5,195.91,198.41,202.59,205.5,209.81,214.41,223.31,238,283.81,0,0,0,239.5,242.31,242.69,243.41,0,0,0,0,0,0,0,0,0,0,0,0,0,0,0,0,0,0,0
25.09,15.69,6.19,358.19,351.5,345,338.5,330.69,324,316.19,305.09,289,270.41,258.59,245.31,0,0,0,0,0,0,0,0,0,0,0,0,0,160.81,169.91,170.81,169,169.31,169.91,168.81,169.09,170.41,173.19,177.59,181.31,183.69,186,188,190,191.69,193.19,194.5,195.91,197.5,199.59,202.69,205.91,210.81,218.5,233.59,289.19,261.5,262.5,262.31,264.69,260.5,257.91,258.5,0,0,0,0,0,0,0,0,0,0,0,0,0,0,0,0,0,0,0
25.59,18.19,11.81,4.59,357.31,347.41,338.09,329.19,319.31,309,294.5,275.81,260.5,254.19,257.81,241.31,0,0,0,0,0,0,0,0,0,0,0,0,159.31,165.81,168,167.19,165.81,165.41,166.41,168.31,171.31,174.69,177.41,180.41,182.91,185.59,188,189.91,191.5,192.91,194.31,195.69,197.41,199.31,201.69,204.91,209.41,215.69,232.09,265.5,291.81,292.81,281.69,274.5,268.09,261.81,264.19,0,0,0,0,0,0,0,0,0,0,0,0,0,0,0,0,0,0,0
26.81,21.5,15.59,8.19,358.41,347.09,336.31,325.59,312.81,298.5,282.5,268.81,258.91,255.59,257.19,254.69,0,0,0,0,0,0,0,0,0,0,0,0,158.09,163.69,164.69,161.69,161.81,163.31,165.41,167.81,170.59,173.69,177.41,179.69,182.69,185.19,187.19,189,190.5,192,193.59,195.31,197.09,199.09,201.5,204.59,209,216,249.81,281.59,305.81,292.59,281.41,272.91,265,259.19,265.31,0,0,0,0,0,0,0,0,0,0,0,0,0,0,0,0,0,0,0
26.31,21.69,15.41,7.5,357.5,345.59,333.59,319.19,304.81,289.81,277.69,268.31,261.81,260.81,262.31,265.69,251.81,0,0,0,0,0,0,0,0,0,0,0,158.19,161.19,158.59,157.09,160.19,162.81,165.19,167.19,170.19,173.59,176.19,179.41,181.91,183.69,185.19,186.69,188.5,190.19,192.31,194.41,196.59,198.81,201.31,204.41,209.19,221.5,336.81,217.81,278.31,267.09,264.31,259.19,254.31,259.41,271.41,265.69,0,0,0,0,0,0,0,0,0,0,0,0,0,0,0,0,0,0
24.69,20,13.69,5.41,355.31,344.81,333.31,318.59,300,287.59,279.09,270.81,266.31,265.59,267.09,270.81,267.81,0,0,0,0,0,0,0,0,0,0,0,153.91,156.19,156.5,156.91,159,160.19,162.59,166,168.81,172.41,175.81,178.41,179.69,181.09,183.19,183.69,185.69,188.19,190.69,193.31,195.81,198.41,201.19,204.41,210.09,0,129.09,179.19,210.59,215.91,227.41,235.91,245.81,267.19,284.41,292.5,0,0,0,0,178.59,0,0,0,0,0,0,0,0,0,0,0,0,0
22.81,17.69,11.19,2.09,351.59,341.5,329.09,310.81,295.09,284.41,278,273.09,269.69,267.5,267.41,270.5,273.19,0,0,0,0,0,0,0,0,0,0,0,142.09,146.59,150.31,152.5,154.31,157.59,160.69,164.31,168.09,171.69,174.59,175.69,176.41,179.59,179.19,180.59,183.5,186.41,189.31,192.09,194.81,197.59,200.81,204,213,220.09,200.69,170.41,186.5,193.91,204.41,220.81,245,273.81,299.09,311,301.91,0,0,0,180,0,0,0,0,0,0,0,0,0,0,0,0,0
21.5,16.09,8.59,359.81,348.91,332.91,314.41,298.91,286.5,278.09,274.69,272.69,269.91,263.5,255.5,262.59,270.09,0,0,0,0,0,0,0,0,0,0,0,135.59,142.81,145.81,148.41,151.91,155.5,159.5,163.5,167.5,170.59,171.5,172.59,172.09,173.5,175.09,178.5,181.91,185.09,188.09,190.91,193.59,196.41,199.5,203,226.31,247.69,187.19,170.31,183.5,189.19,197.5,213.5,242,269.91,308,325.5,0,0,0,148.81,180.41,191.31,196.19,185.31,0,0,0,0,0,0,0,0,0,0
19.81,13.69,5.69,355.91,342.69,320.41,298.81,283.31,272.91,267.19,267.31,269,259.81,260.69,253.5,243.19,254.19,251.91,0,0,0,0,0,0,0,0,0,128.81,135.41,139.91,142.59,146.09,150.41,154.59,158.81,162.81,166.09,166.5,166,165.5,166.31,168.59,173.09,177.41,180.91,183.81,186.69,189.19,191.81,194.69,197.69,201.41,255.5,0,173.59,176.91,184.41,188.69,194.31,205.81,231.31,255.59,305.91,0,0,0,0,150.69,171.41,178.81,179.81,181.5,189.81,0,0,0,0,0,0,0,0,0
17.91,11.91,2.59,348.69,329.41,299.41,275.31,261.91,255.59,252.41,256.19,250.69,248.31,255.69,230.5,216.81,215.19,229.5,247,0,0,0,0,0,0,0,0,126,134.19,138.19,140.91,145,149.69,153.91,157.69,161.59,161.81,158.69,158.19,159.41,161.41,166.81,172.09,176.5,180.81,182.5,184.41,186.59,189.19,192.19,195.19,198.59,209.69,204.31,180.59,187.91,185.91,188,191.59,199.19,208.69,226.91,284.5,260.19,297.09,0,0,147.69,153.69,164.19,173.59,178,182.5,192.59,0,0,0,0,0,0,0,0
16,9.09,358.81,340.59,310.09,272.69,251.81,242.69,238.81,237.81,235.59,231.59,229.31,197.91,181.91,185,186.31,201.91,215.69,0,0,0,0,0,0,0,0,121.81,127.31,136.59,140.31,144,149.09,152.69,156.69,159.31,155.31,150.69,150.09,153.09,159,164.91,169.59,173.91,177.09,179.09,180.5,182.81,185.81,188.81,192.31,196.19,199.09,189.69,187.81,189.81,182.5,184.59,188.19,193.41,200.91,209,234.69,251,0,0,0,124.31,137.81,150.5,161.31,170.41,176.91,185.59,206,0,0,0,0,0,0,0
14.59,6.5,352.91,328.5,285.09,251.19,236.81,229.59,226.69,224.69,215.91,206.91,189.81,173.59,170.41,168.91,170.59,179.09,191,234.5,0,0,0,0,0,0,0,117.69,125.91,135.19,139.81,143.41,148.31,152,156,155.19,147.81,142.69,144,149.09,156,160,164.91,170.81,172.69,174.19,175.5,179.09,182.5,185.69,189,192.5,195.69,194.81,193.41,190.81,180.69,175.31,182.31,189.09,196.19,203.31,214.41,240.19,0,0,117.09,123,132.5,143.59,153.91,160.41,167.19,177,188,225.81,0,0,0,0,0,0
13,5.31,351.31,310.09,261.69,238.31,228.69,223.59,219.91,213.69,200,186.41,171.19,165,163.19,161.41,163.09,168,177.59,209.5,0,0,0,0,0,0,134.91,122.31,119.31,129.41,137.5,142.31,148.09,151.81,155.69,153.41,144.19,138.41,139.31,143.59,145.09,155.59,160.69,166.09,168.31,170.59,173.5,176.5,179.5,182.81,186.19,190.09,192.69,195,198.69,193.41,177.41,172.41,177.91,187.69,195.81,202.31,208.91,228,242.69,0,104.69,108.41,124,135.5,144.5,150.69,156.81,160.09,170.59,0,172,195.31,0,0,0,104.09
11.81,2.09,345.91,297.5,248.19,231.91,225.09,221.09,215.5,204.41,186.19,170.69,159.59,157.09,157,157.31,157,160.91,168.09,183.31,0,0,0,0,0,161.91,148.81,141.59,0,123.81,133.91,140.31,147.91,151.5,154.69,150.5,141.19,134.19,128.41,118.81,125.69,146.91,151.59,161.59,164.5,168.31,171.69,174.41,177.41,180.5,183.5,187.59,191.69,194.69,198.31,193.31,172.69,168.41,178,189.41,198.09,204.5,211.09,234.69,0,0,85.41,0,120.5,124.41,134.5,144,147.19,147,148.19,154.41,161,0,0,0,99.09,84.5
9.41,357.81,333.09,281.41,239.5,227.19,222.81,219,210.91,193.81,173.09,159.91,152.19,149.31,150,151.81,152,155.5,161.59,171,191.41,0,0,0,158.81,169.31,180.69,216.5,0,108.19,129.19,138.69,147.59,148.81,149.59,142.91,134.09,126.31,113.31,110.41,117.41,130.69,144.81,154.19,160,165.69,169,171.59,175.41,178.59,182.31,187.09,190.69,196.5,199.91,170.09,163.41,171.09,182.31,192.91,200.81,207,211.81,235.5,0,0,0,103.59,113.91,119.19,125.41,133.91,135.41,134,129.91,132.31,136.41,0,104.19,95,84.91,78.31
9,357.91,330,261.81,230.5,219.69,215.91,212.09,200.59,181.09,162.59,151.31,144.81,143.09,142.19,142.31,144.81,150,156.09,163,172.69,0,0,0,164.5,177.91,189.81,0,0,0,121.81,135.31,146.59,142.31,142,133.59,122.91,113.09,101.41,91.5,88.59,103.81,122.09,144.69,155.59,160.19,164.09,168.91,174.5,178.5,182.09,187.09,191.09,197.31,199.19,149,162.59,178.41,188.41,196.09,202.5,207.19,209.69,223.09,0,0,0,0,101.41,106.19,109,115.5,117.69,117.41,112.31,110,109.91,105.41,91.41,84.59,80.31,75.69
8.91,359.91,345,233.81,209.31,198.69,195.81,189.69,178.31,165.69,153.59,145,140.41,133.19,130.19,131.19,137.31,144.81,150.91,157,162,167.31,165.31,163.81,167,177.41,188.91,0,0,0,101.69,128.59,142.31,136.59,133.81,124.19,112.41,103.91,94.81,82.91,70.69,63.69,78.69,125.41,146.31,155.41,161.41,167.5,173.41,177.41,180.69,184.31,189.19,195.69,197.41,180.09,175.5,186.31,193.81,199.69,204.31,207.31,206.09,203.09,203.19,0,0,0,93.69,97.31,100.31,102.69,103.41,100.31,97.91,95.19,91.69,86.81,80.59,77.41,73.41,66.59
9.59,8.31,23.19,161.91,162.5,157.91,158.31,156.5,156.69,149.59,143.19,133.69,125,114.81,110.09,125.91,133.59,139.31,146.31,152.59,157.59,161.19,162.81,164.59,168,173.59,184.09,0,0,0,0,127.69,142.91,137.5,131.81,117,101.5,95.5,88.91,84.69,79,78.5,89.69,115.5,137.19,148.5,157.41,166.5,172.41,175.59,177.5,180.09,185.19,189.69,195.69,197.59,188.81,191.19,199.59,203.59,205.59,204,196.19,184.69,180.31,188.59,0,0,84.69,92.69,95.59,95,92,87.81,86.5,84.41,81.5,77.31,71.91,68.19,62.81,58.91
14.19,30.59,83.59,113.19,125,126.59,125.19,129,134.19,131.91,126.5,119,120,88.91,94.91,117.69,131.41,134.19,142,148.5,153.81,158.31,162.19,164.59,166.5,170.59,179.41,0,0,0,0,128.5,144.81,143.59,139.81,124.91,104.19,96.69,86.91,81.09,82.91,88.19,97.59,112.5,135.41,148.69,157.91,167.31,173.59,176.81,178.09,180.31,184.31,188.91,195,197.09,191.5,194.41,206.91,208.5,202.5,186.41,169,162.19,164,171.59,186.59,0,0,76.59,81.69,85.19,84.09,80.91,77.91,76.09,73.69,70.31,66.5,62.31,57.91,53.59
26.91,72.81,99.19,103.09,101,100.5,102.91,111.59,118.81,122.41,125.31,130.31,177.5,53.81,90,110.5,134,129.59,138.5,145.69,152.19,157.09,161.69,165,166.59,168.31,172.81,0,0,0,0,138.09,148,146.91,149.09,145.19,134,122.5,104.59,94.31,100.41,105.31,113.31,125.31,146.41,158.19,165.69,172.5,177.81,180.41,181.5,182.19,184.41,186.5,189.81,194.41,199.09,204.91,212.5,209.5,165.31,137.81,142,147.41,154.41,165.59,172.5,186.09,0,0,0,74.19,75.09,72.81,70.41,69.31,66.81,64.19,61.41,58.31,54.41,50.5
81.69,97.91,86.31,84.69,88.91,92.5,96.19,103.5,111.91,114.81,133.69,174.81,221.81,0,96.91,109.69,132,128.19,136.5,143.31,150.59,155.5,160.31,163.69,165.41,165.5,165.5,170,0,156.41,157.09,150.41,150.5,147,152.5,158,160.91,161.81,162.81,158.69,149.81,140.59,145.19,160,178.59,181,181.31,182.41,184.81,186.5,188,187.69,187.41,188.59,190.5,194.19,198.81,204.59,216.91,98.31,100.09,118.31,132.91,139.19,143.5,146.91,151.19,174.5,0,0,0,0,63.09,65.59,67.59,64.69,61.41,58.91,56.41,54,50.81,47.41
147,124.59,102,88.91,88.09,92.81,96.5,99,111.69,128.31,150.09,169.41,197.81,0,127.09,116.69,133.59,129.81,137.91,143.91,149.5,154.19,158.81,162,163.41,162.69,161.69,161.91,164.81,165.19,162.69,156.91,150.59,147.41,151.41,165.09,173.59,182.5,192.69,195,196.41,199,206,225.59,222.5,211,201.91,199.31,197.41,197.19,195,193,191.81,191.5,193.81,197,200.81,203.91,0,69.59,73.69,100.19,123.31,129.91,132.09,128.19,114.69,142.19,0,0,0,0,0,64.91,63.91,59.31,57.41,54.91,52.31,49.69,46.81,44.31
164,140.5,116.59,101.19,99.31,100.19,102.59,105.41,117.5,128,137.19,136.81,134.5,152.31,129.59,123.31,135.69,132.09,139.5,145.09,150.59,155.09,159.09,162.5,164.19,165.09,164.5,164.69,165.91,165.81,164.91,160.19,152.59,146.31,138.59,185.69,205.41,216.81,220.59,216.69,217.41,219.69,230,241,233.41,222.59,218.81,220.91,219.31,211.31,208.59,206.5,197.59,194.19,196.91,199.59,202.5,201.91,0,0,0,0,0,102.59,117.81,108.31,61.59,6.31,0,0,0,0,0,0,59.81,56.09,53.81,51.09,48.59,45.91,43.59,41.59
173.31,153.69,132.5,122.91,123.41,129.19,132.59,137.19,134.5,140,148.81,125.69,135.19,147.31,135.19,124.69,137.31,136.5,142.31,148,153.19,157.5,161,164,166.19,167.81,168.59,168.91,169.41,170,170,166.81,160.5,153.81,152,283,268.91,256.31,252.5,247.41,237.69,236.59,240,242,245.19,248.5,229.69,224.81,225.59,223.09,222.91,218.31,207.19,201,200.91,202.69,204.91,205.09,207.19,0,0,0,0,0,94.5,97.81,54.41,358.09,298.31,0,0,0,0,0,59.5,53.31,50.5,48,45.41,43.09,41,38.69
196.41,176.19,159.69,155.59,154.91,159.19,162.81,163,147.59,151.5,156.41,149.31,141.09,191.19,137.5,126.91,139.59,138.41,145.69,149.91,155.59,159.91,163.41,166.91,169.59,171.41,172.31,173.19,173.69,174.31,175.41,175.31,174,171.31,177.31,256.59,274.91,267.91,262.59,256.5,247.59,244.69,244.91,248.19,249.41,243.31,238.09,236.09,234.81,232.5,231,225.59,214.59,207.41,205.5,207,207.81,208.5,208.91,211.91,0,0,0,0,0,308.59,30.81,358.19,344.19,0,0,0,0,0,54.59,49.69,47.69,45.19,42.81,40.81,37.91,33.69
213.81,230.5,261.59,190.09,169.31,173.09,173.81,175.69,179.69,184.5,186.09,185.09,189.5,197.5,147.41,129.31,143.91,143.41,147.09,153.59,157.19,161.91,165.81,169.41,172.5,174.69,176.41,177.5,178.19,178.5,180.09,182.31,186.5,191.19,200.69,232.09,255.41,260.19,261.69,259,253.09,248,249,251.41,251.19,248.5,246.19,244.09,243.41,241.59,239.91,237.09,226.09,214.5,210.31,210.31,210.31,210.5,210.41,213.41,224.69,225.09,0,0,0,0,305.5,15.19,73.19,77.41,0,0,0,0,52,47.59,44.59,42.59,40.19,37.19,33,27.59
