WWIII_reconciliated.json
{"header": {"discipline":10,"gribEdition":2,"gribLength":223018,"center":7,"subcenter":0,"refTime":"2021-03-29T00:00:00.000Z","significanceOfRT":1,"productStatus":0,"productType":1,"productDefinitionTemplate":0,"parameterCategory":0,"parameterNumber":3,"parameterUnit":"m","genProcessType":2,"forecastTime":0,"surface1Type":1,"surface1Value":0,"surface2Type":255,"surface2Value":-9.999e-252,"gridDefinitionTemplate":0,"numberPoints":222480,"shape":6,"gridUnits":"degrees","resolution":48,"winds":"true","scanMode":64,"nx":720,"ny":309,"basicAngle":0,"lo1":-179.5,"la1":77,"lo2":180,"la2":-77,"dx":0.5,"dy":0.5}, "data":
[rows 123 to 163 of 309, columns 273 to 363 of 720]
3.05,3.04,3.04,3.02,3,3.02,3.04,3.02,3.03,3.03,3.03,3.02,2.98,2.97,2.96,2.95,2.93,2.92,2.91,2.89,2.87,2.83,2.83,2.84,2.83,2.83,2.82,2.81,2.8,2.81,2.81,2.84,2.82,2.82,2.9,2.77,2.62,2.12,1.97,1.96,2.37,2.11,2.69,2.58,2.75,2.81,2.82,2.82,2.78,2.74,2.7,2.63,2.41,0,0,0,0,0,0,0,0,0,0,0,0,0,0,0,0,0,0,0,0,0,0,0,0,0,0,0,0,0,0,0,0,0,0,0,0,0,0
3.07,3.07,3.08,3.07,3.06,3.06,3.05,3.06,3.05,3.04,3.04,3.01,3,2.98,2.96,2.95,2.94,2.93,2.93,2.9,2.88,2.86,2.85,2.85,2.83,2.81,2.8,2.81,2.82,2.8,2.79,2.76,2.74,2.77,2.8,2.74,2.6,0,1.85,0,2.12,2.21,2.54,2.58,2.73,2.77,2.78,2.78,2.77,2.74,2.68,2.59,0,0,0,0,0,0,0,0,0,0,0,0,0,0,0,0,0,0,0,0,0,0,0,0,0,0,0,0,0,0,0,0,0,0,0,0,0,0,0
3.09,3.09,3.1,3.1,3.11,3.11,3.1,3.09,3.06,3.05,3.04,3.02,3,2.99,2.99,2.97,2.97,2.96,2.93,2.92,2.9,2.89,2.88,2.87,2.85,2.83,2.82,2.82,2.82,2.81,2.78,2.77,2.79,2.81,2.79,2.71,2.62,1.7,1.89,1.94,2.13,2.32,2.48,2.6,2.7,2.72,2.73,2.75,2.74,2.73,2.7,2.59,0,0,0,0,0,0,0,0,0,0,0,0,0,0,0,0,0,0,0,0,0,0,0,0,0,0,0,0,0,0,0,0,0,0,0,0,0,0,0
3.12,3.11,3.12,3.14,3.12,3.11,3.1,3.08,3.07,3.07,3.06,3.04,3.03,3.02,3.01,3,2.99,2.98,2.97,2.95,2.93,2.92,2.91,2.9,2.87,2.85,2.83,2.83,2.82,2.81,2.79,2.83,2.86,2.84,2.82,2.77,2.59,2.47,2.28,2.28,2.3,2.39,2.51,2.61,2.66,2.67,2.7,2.72,2.72,2.72,2.71,2.63,1.83,0,0,0,0,0,0,0,0,0,0,0,0,0,0,0,0,0,0,0,0,0,0,0,0,0,0,0,0,0,0,0,0,0,0,0,0,0,0
3.12,3.12,3.11,3.12,3.12,3.11,3.11,3.12,3.1,3.08,3.08,3.06,3.05,3.04,3.03,3.02,3.01,3,2.98,2.97,2.95,2.93,2.92,2.91,2.9,2.88,2.87,2.84,2.83,2.81,2.81,2.84,2.88,2.87,2.78,2.66,2.57,2.51,2.55,2.46,2.45,2.48,2.54,2.6,2.63,2.65,2.67,2.68,2.7,2.73,2.75,2.68,2.24,0,0,0,0,0,0,0,0,0,0,0,0,0,0,0,0,0,0,0,0,0,0,0,0,0,0,0,0,0,0,0,0,0,0,0,0,0,0
3.17,3.16,3.15,3.15,3.14,3.13,3.12,3.1,3.1,3.1,3.08,3.08,3.07,3.06,3.05,3.04,3.03,3.03,3.01,2.99,2.97,2.96,2.94,2.93,2.92,2.91,2.88,2.85,2.83,2.82,2.83,2.86,2.89,2.88,2.73,2.68,2.74,2.72,2.63,2.56,2.53,2.54,2.57,2.6,2.64,2.66,2.67,2.68,2.7,2.71,2.73,2.68,2.34,0,0,0,0,0,0,0,0,0,0,0,0,0,0,0,0,0,0,0,0,0,0,0,0,0,0,0,0,0,0,0,0,0,0,0,0,0,0
3.17,3.18,3.19,3.19,3.16,3.15,3.13,3.13,3.11,3.1,3.1,3.09,3.07,3.07,3.06,3.05,3.04,3.04,3.02,3,2.99,2.97,2.96,2.94,2.92,2.89,2.85,2.82,2.81,2.83,2.84,2.85,2.83,2.78,2.71,2.75,2.84,2.78,2.69,2.62,2.58,2.57,2.58,2.6,2.64,2.67,2.67,2.68,2.7,2.71,2.71,2.67,2.36,0,0,0,0,0,0,0,0,0,0,0,0,0,0,0,0,0,0,0,0,0,0,0,0,0,0,0,0,0,0,0,0,0,0,0,0,0,0
3.13,3.15,3.15,3.16,3.15,3.15,3.15,3.14,3.13,3.12,3.1,3.08,3.08,3.06,3.05,3.04,3.04,3.03,3.02,3,2.98,2.96,2.94,2.91,2.89,2.86,2.82,2.79,2.8,2.81,2.83,2.82,2.79,2.73,2.73,2.8,2.82,2.78,2.72,2.65,2.61,2.59,2.59,2.61,2.63,2.65,2.65,2.65,2.66,2.66,2.64,2.52,1.7,1.27,0,0,0,0,0,0,0,0,0,0,0,0,0,0,0,0,0,0,0,0,0,0,0,0,0,0,0,0,0,0,0,0,0,0,0,0,0
3.12,3.14,3.14,3.14,3.13,3.13,3.13,3.12,3.11,3.1,3.09,3.07,3.05,3.04,3.03,3.02,3.01,3,2.99,2.97,2.96,2.93,2.9,2.86,2.82,2.79,2.77,2.79,2.8,2.8,2.81,2.79,2.72,2.72,2.78,2.83,2.81,2.77,2.72,2.66,2.62,2.59,2.59,2.6,2.6,2.61,2.61,2.6,2.59,2.56,2.52,2.38,1.33,1.27,0,0.56,0,0,0,0,0,0,0,0,0,0,0,0,0,0,0,0,0,0,0,0,0,0,0,0,0,0,0,0,0,0,0,0,0,0,0
3.14,3.14,3.14,3.14,3.13,3.12,3.1,3.09,3.08,3.07,3.05,3.03,3.03,3.01,2.99,2.98,2.97,2.96,2.94,2.93,2.9,2.89,2.86,2.8,2.77,2.75,2.75,2.76,2.77,2.77,2.75,2.7,2.69,2.74,2.8,2.8,2.78,2.75,2.7,2.66,2.62,2.59,2.58,2.57,2.56,2.56,2.55,2.54,2.53,2.49,2.43,2.31,1.81,1.18,1.09,0.91,0,0,0,0,0,0,0,0,0,0,0,0,0,0,0,0,0,0,0,0,0,0,0,0,0,0,0,0,0,0,0,0,0,0,0
3.16,3.16,3.15,3.15,3.12,3.1,3.08,3.07,3.05,3.04,3.02,2.99,2.98,2.97,2.95,2.93,2.92,2.91,2.89,2.87,2.83,2.8,2.76,2.74,2.73,2.73,2.73,2.73,2.73,2.73,2.7,2.67,2.69,2.73,2.75,2.75,2.74,2.72,2.68,2.65,2.62,2.59,2.57,2.55,2.53,2.52,2.5,2.49,2.47,2.43,2.38,2.27,1.95,1.61,1.45,1.42,0.94,0,0,0,0,0,0,0,0,0,0,0,0,0,0,0,0,0,0,0,0,0,0,0,0,0,0,0,0,0,0,0,0,0,0
3.17,3.15,3.13,3.13,3.12,3.09,3.06,3.03,3.01,2.99,2.98,2.96,2.95,2.94,2.92,2.91,2.89,2.86,2.84,2.82,2.77,2.74,2.72,2.7,2.69,2.69,2.69,2.68,2.68,2.67,2.64,2.63,2.67,2.71,2.71,2.71,2.7,2.68,2.66,2.63,2.61,2.58,2.55,2.53,2.5,2.48,2.46,2.45,2.42,2.39,2.34,2.25,2.05,1.77,1.5,1.46,1.03,0.97,0,0,0,0,0,0,0,0,0,0,0,0,0,0,0,0,0,0,0,0,0,0,0,0,0,0,0,0,0,0,0,0,0
3.15,3.14,3.13,3.11,3.1,3.07,3.03,3,2.99,2.98,2.97,2.95,2.92,2.91,2.89,2.88,2.86,2.82,2.78,2.75,2.72,2.7,2.68,2.67,2.66,2.65,2.65,2.65,2.64,2.62,2.61,2.62,2.67,2.68,2.68,2.67,2.66,2.65,2.64,2.62,2.6,2.57,2.54,2.51,2.48,2.46,2.43,2.41,2.39,2.35,2.31,2.24,2.1,1.91,1.71,1.57,1.43,1.08,1.07,0,0,0,0,0,0,0,0,0,0,0,0,0,0,0,0,0,0,0,0,0,0,0,0,0,0,0,0,0,0,0,0
3.13,3.13,3.11,3.1,3.08,3.05,3.02,2.99,2.97,2.96,2.94,2.93,2.91,2.89,2.86,2.83,2.81,2.78,2.74,2.71,2.68,2.66,2.64,2.63,2.62,2.61,2.61,2.61,2.59,2.58,2.59,2.62,2.65,2.65,2.65,2.64,2.63,2.62,2.61,2.6,2.58,2.55,2.52,2.49,2.46,2.43,2.4,2.38,2.35,2.32,2.29,2.23,2.12,1.98,1.83,1.69,1.59,1.51,1.08,1.26,0,0,0,0,0,0,0,0,0,0,0,0,0,0,0,0,0,0,0,0,0,0,0,0,0,0,0,0,0,0,0
3.08,3.09,3.07,3.06,3.05,3.02,3,2.97,2.95,2.92,2.91,2.88,2.86,2.84,2.82,2.8,2.76,2.73,2.7,2.68,2.66,2.63,2.61,2.6,2.59,2.59,2.58,2.58,2.58,2.58,2.6,2.62,2.63,2.62,2.62,2.61,2.6,2.59,2.58,2.57,2.55,2.53,2.5,2.47,2.43,2.4,2.37,2.35,2.32,2.29,2.26,2.21,2.12,2.01,1.88,1.77,1.67,1.56,1.41,1.25,0,0,0,0,0,0,0,0,0,0,0,0,0,0,0,0,0,0,0,0,0,0,0,0,0,0,0,0,0,0,0
3.02,3.01,2.99,2.98,2.97,2.97,2.96,2.94,2.91,2.88,2.85,2.82,2.79,2.77,2.76,2.75,2.72,2.7,2.67,2.65,2.63,2.6,2.58,2.57,2.56,2.55,2.55,2.56,2.57,2.59,2.6,2.6,2.59,2.59,2.59,2.58,2.57,2.56,2.55,2.54,2.52,2.49,2.46,2.43,2.4,2.37,2.34,2.31,2.28,2.25,2.22,2.17,2.1,2.02,1.92,1.81,1.71,1.63,1.58,1.56,1.5,0,0,0,0,0,0,0,0,0,0,0,0,0,0,0,0,0,0,0,0,0,0,0,0,0,0,0,0,0,0
2.96,2.95,2.93,2.92,2.91,2.9,2.88,2.86,2.84,2.82,2.79,2.77,2.75,2.73,2.71,2.7,2.68,2.67,2.65,2.62,2.59,2.57,2.55,2.54,2.53,2.53,2.53,2.54,2.57,2.58,2.57,2.57,2.56,2.55,2.55,2.55,2.54,2.52,2.51,2.5,2.47,2.45,2.42,2.39,2.36,2.33,2.3,2.27,2.24,2.21,2.18,2.13,2.08,2.01,1.93,1.84,1.75,1.68,1.62,1.57,1.55,1.36,0,0,0,0,0,0,0,0,0,0,0,0,0,0,0,0,0,0,0,0,0,0,0,0,0,0,0,0,0
2.91,2.91,2.9,2.9,2.89,2.87,2.85,2.83,2.81,2.78,2.75,2.71,2.7,2.68,2.68,2.68,2.66,2.64,2.62,2.6,2.57,2.53,2.52,2.5,2.5,2.51,2.51,2.53,2.54,2.54,2.54,2.53,2.52,2.51,2.51,2.5,2.49,2.48,2.47,2.45,2.43,2.4,2.37,2.34,2.31,2.28,2.25,2.22,2.19,2.16,2.13,2.09,2.05,1.99,1.93,1.86,1.79,1.73,1.67,1.62,1.59,1.56,1.47,0,0,0,0,0,0,0,0,0,0,0,0,0,0,0,0,0,0,0,0,0,0,0,0,0,0,0,0
2.86,2.86,2.85,2.85,2.83,2.82,2.82,2.79,2.77,2.73,2.7,2.68,2.66,2.65,2.64,2.64,2.63,2.6,2.58,2.56,2.52,2.5,2.48,2.48,2.48,2.48,2.49,2.49,2.49,2.49,2.49,2.48,2.48,2.47,2.47,2.46,2.45,2.44,2.42,2.4,2.37,2.35,2.32,2.28,2.25,2.23,2.2,2.17,2.14,2.11,2.09,2.06,2.02,1.98,1.93,1.88,1.82,1.76,1.7,1.65,1.62,1.59,1.57,1.49,1.4,0,0,0,0,0,0,0,0,0,0,0,0,0,0,0,0,0,0,0,0,0,0,0,0,0,0
2.83,2.82,2.81,2.8,2.79,2.77,2.77,2.75,2.73,2.7,2.67,2.65,2.64,2.63,2.61,2.6,2.59,2.57,2.54,2.51,2.48,2.46,2.45,2.45,2.44,2.45,2.45,2.45,2.45,2.45,2.45,2.44,2.43,2.43,2.42,2.41,2.4,2.38,2.37,2.34,2.32,2.29,2.26,2.23,2.2,2.18,2.15,2.13,2.1,2.08,2.05,2.03,2.01,1.98,1.94,1.89,1.84,1.78,1.73,1.68,1.64,1.61,1.59,1.56,1.53,1.44,0,0,0,0,0,0,0,0,0,0,0,0,0,0,0,0,0,0,0,0,0,0,0,1.33,1.51
2.81,2.8,2.78,2.77,2.75,2.74,2.72,2.71,2.7,2.67,2.65,2.63,2.61,2.6,2.59,2.58,2.56,2.54,2.5,2.47,2.45,2.43,2.41,2.41,2.4,2.41,2.4,2.4,2.4,2.4,2.39,2.39,2.39,2.38,2.37,2.36,2.35,2.33,2.31,2.29,2.26,2.23,2.21,2.18,2.16,2.14,2.12,2.1,2.09,2.08,2.05,2.03,2,1.97,1.94,1.89,1.85,1.8,1.76,1.71,1.68,1.64,1.62,1.59,1.57,1.55,1.47,0,0,0,0,0,0,0,0,0,0,0,0,0,0,0,0,0,0,0,1.28,1.49,1.55,1.59,1.58
2.77,2.77,2.74,2.72,2.7,2.69,2.69,2.69,2.67,2.65,2.62,2.61,2.59,2.58,2.57,2.55,2.54,2.52,2.47,2.44,2.41,2.39,2.39,2.38,2.37,2.37,2.37,2.36,2.36,2.35,2.35,2.35,2.34,2.34,2.33,2.32,2.3,2.29,2.27,2.25,2.23,2.2,2.18,2.16,2.14,2.14,2.15,2.14,2.1,2.08,2.05,2.02,2,1.96,1.93,1.89,1.86,1.82,1.78,1.74,1.71,1.67,1.65,1.62,1.6,1.59,1.58,1.5,0,0,0,0,0,0,0,1.38,1.52,1.61,1.55,1.53,1.48,0,0,1.18,1.15,1.39,1.56,1.57,1.57,1.56,1.56
2.69,2.69,2.68,2.66,2.65,2.66,2.64,2.64,2.63,2.61,2.58,2.57,2.57,2.55,2.53,2.51,2.51,2.49,2.44,2.42,2.39,2.37,2.36,2.35,2.35,2.34,2.35,2.35,2.34,2.33,2.32,2.31,2.31,2.3,2.3,2.29,2.28,2.27,2.25,2.24,2.22,2.22,2.2,2.18,2.16,2.14,2.14,2.13,2.1,2.07,2.04,2.01,1.98,1.95,1.92,1.9,1.87,1.84,1.8,1.77,1.73,1.7,1.67,1.65,1.64,1.62,1.61,1.61,1.54,1.59,1.47,0,1.38,1.57,1.61,1.64,1.63,1.61,1.59,1.59,1.59,1.57,1.6,1.59,1.54,1.57,1.56,1.56,1.55,1.55,1.55
2.63,2.61,2.59,2.57,2.57,2.58,2.6,2.6,2.59,2.56,2.54,2.52,2.54,2.53,2.5,2.47,2.47,2.45,2.42,2.41,2.39,2.36,2.34,2.34,2.34,2.34,2.34,2.34,2.34,2.33,2.32,2.32,2.31,2.31,2.3,2.29,2.29,2.28,2.3,2.3,2.26,2.22,2.2,2.18,2.15,2.12,2.11,2.09,2.07,2.04,2.01,1.99,1.97,1.95,1.93,1.9,1.88,1.85,1.82,1.79,1.76,1.73,1.7,1.68,1.66,1.65,1.64,1.64,1.64,1.62,1.61,1.59,1.64,1.64,1.63,1.63,1.63,1.63,1.63,1.63,1.62,1.62,1.61,1.59,1.58,1.58,1.57,1.56,1.55,1.55,1.54
2.59,2.56,2.54,2.52,2.52,2.53,2.55,2.56,2.56,2.54,2.53,2.51,2.5,2.5,2.48,2.45,2.44,2.43,2.41,2.4,2.38,2.36,2.35,2.35,2.34,2.34,2.34,2.34,2.35,2.35,2.34,2.33,2.33,2.33,2.34,2.35,2.34,2.29,2.26,2.25,2.23,2.2,2.17,2.14,2.12,2.09,2.07,2.05,2.04,2.02,2,1.98,1.97,1.95,1.93,1.91,1.88,1.86,1.83,1.8,1.77,1.75,1.72,1.7,1.69,1.68,1.67,1.66,1.66,1.66,1.65,1.65,1.65,1.65,1.65,1.65,1.65,1.65,1.65,1.64,1.63,1.62,1.61,1.61,1.6,1.59,1.57,1.56,1.55,1.55,1.54
2.56,2.55,2.52,2.5,2.49,2.49,2.5,2.52,2.53,2.53,2.52,2.51,2.5,2.49,2.48,2.45,2.43,2.42,2.41,2.4,2.39,2.37,2.36,2.36,2.36,2.36,2.36,2.36,2.35,2.35,2.35,2.35,2.34,2.32,2.31,2.3,2.28,2.24,2.22,2.2,2.18,2.16,2.13,2.11,2.09,2.07,2.05,2.04,2.02,2.01,2,1.98,1.97,1.95,1.93,1.91,1.89,1.86,1.84,1.82,1.79,1.76,1.74,1.72,1.71,1.7,1.69,1.69,1.68,1.68,1.68,1.67,1.67,1.68,1.68,1.68,1.68,1.68,1.67,1.66,1.65,1.64,1.63,1.62,1.6,1.59,1.58,1.57,1.56,1.55,1.54
2.53,2.51,2.5,2.47,2.45,2.45,2.46,2.47,2.49,2.51,2.5,2.49,2.48,2.47,2.46,2.43,2.43,2.42,2.41,2.4,2.39,2.38,2.36,2.37,2.37,2.38,2.38,2.38,2.37,2.35,2.34,2.33,2.31,2.29,2.27,2.25,2.23,2.2,2.18,2.16,2.15,2.13,2.11,2.09,2.07,2.05,2.04,2.03,2.02,2.01,2,1.98,1.97,1.95,1.93,1.91,1.89,1.87,1.85,1.82,1.8,1.78,1.76,1.74,1.73,1.72,1.72,1.71,1.71,1.71,1.7,1.7,1.71,1.71,1.71,1.71,1.71,1.7,1.69,1.68,1.67,1.66,1.65,1.63,1.62,1.6,1.59,1.58,1.57,1.56,1.55
2.48,2.47,2.45,2.43,2.42,2.4,2.39,2.4,2.42,2.44,2.45,2.45,2.44,2.44,2.43,2.41,2.41,2.4,2.4,2.39,2.38,2.36,2.35,2.36,2.36,2.37,2.38,2.37,2.36,2.34,2.32,2.3,2.28,2.26,2.23,2.21,2.19,2.17,2.15,2.14,2.12,2.11,2.09,2.07,2.06,2.04,2.03,2.02,2.01,2.01,1.99,1.98,1.96,1.95,1.93,1.91,1.89,1.87,1.85,1.83,1.81,1.8,1.78,1.77,1.76,1.75,1.74,1.74,1.74,1.74,1.74,1.74,1.74,1.75,1.74,1.74,1.73,1.72,1.71,1.7,1.69,1.68,1.67,1.65,1.64,1.62,1.61,1.6,1.58,1.57,1.56
2.41,2.41,2.4,2.39,2.38,2.35,2.34,2.34,2.35,2.36,2.38,2.38,2.38,2.39,2.39,2.39,2.38,2.37,2.37,2.36,2.35,2.33,2.33,2.33,2.33,2.34,2.34,2.34,2.33,2.31,2.29,2.26,2.24,2.22,2.19,2.17,2.15,2.14,2.12,2.11,2.1,2.08,2.07,2.05,2.04,2.03,2.02,2.01,2.01,2,1.99,1.98,1.97,1.96,1.94,1.92,1.9,1.88,1.86,1.85,1.83,1.82,1.8,1.79,1.78,1.78,1.77,1.77,1.77,1.77,1.77,1.77,1.78,1.78,1.78,1.77,1.76,1.75,1.74,1.72,1.71,1.7,1.69,1.68,1.66,1.64,1.63,1.61,1.6,1.59,1.58
2.36,2.35,2.34,2.33,2.32,2.3,2.28,2.27,2.27,2.29,2.3,2.31,2.3,2.31,2.31,2.32,2.32,2.33,2.33,2.32,2.31,2.31,2.3,2.3,2.3,2.3,2.3,2.29,2.28,2.26,2.24,2.22,2.2,2.17,2.15,2.13,2.12,2.1,2.09,2.08,2.07,2.06,2.05,2.04,2.03,2.02,2.02,2.01,2,2,1.99,1.99,1.98,1.96,1.94,1.93,1.91,1.89,1.88,1.86,1.85,1.83,1.82,1.81,1.81,1.81,1.8,1.8,1.8,1.81,1.81,1.81,1.81,1.81,1.81,1.8,1.79,1.78,1.76,1.75,1.74,1.73,1.71,1.7,1.69,1.67,1.65,1.63,1.62,1.61,1.6
2.3,2.29,2.28,2.27,2.27,2.25,2.23,2.21,2.2,2.21,2.23,2.23,2.22,2.23,2.23,2.25,2.26,2.27,2.27,2.28,2.28,2.28,2.28,2.27,2.26,2.25,2.25,2.24,2.23,2.21,2.2,2.18,2.15,2.13,2.11,2.1,2.08,2.07,2.06,2.05,2.04,2.04,2.03,2.03,2.02,2.02,2.02,2.01,2.01,2.01,2,2,1.98,1.97,1.95,1.94,1.92,1.91,1.9,1.88,1.86,1.85,1.84,1.84,1.83,1.83,1.83,1.83,1.84,1.84,1.84,1.84,1.84,1.84,1.84,1.83,1.82,1.81,1.8,1.79,1.78,1.77,1.75,1.74,1.72,1.7,1.68,1.66,1.65,1.64,1.62
2.25,2.24,2.23,2.22,2.21,2.2,2.18,2.17,2.16,2.15,2.16,2.16,2.15,2.15,2.16,2.17,2.19,2.21,2.22,2.23,2.24,2.24,2.24,2.23,2.22,2.21,2.2,2.19,2.18,2.17,2.15,2.14,2.12,2.1,2.08,2.07,2.05,2.04,2.03,2.03,2.03,2.03,2.03,2.03,2.03,2.03,2.03,2.02,2.02,2.02,2.02,2.01,1.99,1.97,1.96,1.95,1.94,1.93,1.91,1.9,1.88,1.87,1.86,1.86,1.86,1.86,1.86,1.85,1.86,1.86,1.87,1.87,1.87,1.88,1.88,1.87,1.86,1.85,1.85,1.84,1.82,1.8,1.78,1.76,1.75,1.72,1.7,1.68,1.67,1.66,1.64
2.18,2.18,2.18,2.17,2.16,2.15,2.14,2.12,2.11,2.1,2.1,2.09,2.09,2.09,2.1,2.1,2.12,2.15,2.17,2.17,2.18,2.19,2.19,2.19,2.18,2.17,2.16,2.16,2.14,2.13,2.12,2.1,2.08,2.07,2.05,2.04,2.03,2.02,2.02,2.04,2.06,2.04,2.03,2.04,2.04,2.04,2.04,2.04,2.03,2.04,2.03,2.02,2.01,1.99,1.98,1.96,1.95,1.94,1.93,1.91,1.9,1.89,1.89,1.88,1.88,1.88,1.88,1.88,1.88,1.89,1.89,1.89,1.9,1.91,1.91,1.9,1.9,1.89,1.87,1.86,1.84,1.81,1.79,1.77,1.75,1.73,1.71,1.69,1.68,1.67,1.65
2.12,2.11,2.11,2.11,2.1,2.09,2.08,2.07,2.06,2.05,2.04,2.03,2.03,2.03,2.03,2.05,2.06,2.08,2.1,2.1,2.11,2.12,2.14,2.15,2.14,2.14,2.13,2.12,2.11,2.1,2.09,2.07,2.05,2.04,2.03,2.02,2.01,2.01,2.03,2.05,2.02,2.02,2.03,2.05,2.05,2.05,2.05,2.04,2.04,2.05,2.04,2.03,2.02,2,1.99,1.98,1.96,1.96,1.94,1.93,1.92,1.91,1.9,1.91,1.91,1.9,1.9,1.9,1.9,1.91,1.91,1.92,1.93,1.92,1.92,1.91,1.91,1.9,1.88,1.86,1.83,1.81,1.79,1.77,1.75,1.74,1.72,1.71,1.69,1.68,1.66
2.03,2.03,2.02,2.02,2.02,2.02,2.01,2,2,1.99,1.98,1.97,1.97,1.96,1.97,1.98,1.99,2.02,2.03,2.04,2.05,2.06,2.09,2.1,2.1,2.1,2.1,2.09,2.08,2.07,2.05,2.04,2.03,2.02,2.01,2,2.01,2.03,2.03,2.02,2.03,2.04,2.05,2.06,2.06,2.05,2.04,2.04,2.05,2.05,2.05,2.05,2.04,2.02,2.01,1.98,1.97,1.96,1.95,1.94,1.93,1.93,1.91,1.91,1.91,1.91,1.91,1.91,1.91,1.92,1.92,1.94,1.94,1.92,1.92,1.91,1.91,1.9,1.88,1.85,1.83,1.81,1.79,1.77,1.76,1.74,1.73,1.72,1.7,1.68,1.67
1.89,1.96,1.95,1.93,1.93,1.93,1.93,1.92,1.92,1.92,1.92,1.91,1.9,1.9,1.9,1.91,1.93,1.96,1.98,1.99,2,2.01,2.05,2.06,2.06,2.07,2.07,2.06,2.05,2.04,2.03,2.01,2,1.99,1.99,2,2.01,2.03,2.03,2.03,2.03,2.04,2.05,2.06,2.06,2.05,2.05,2.04,2.05,2.05,2.05,2.06,2.05,2.05,2.02,1.99,1.97,1.96,1.95,1.94,1.94,1.94,1.92,1.91,1.91,1.91,1.92,1.92,1.92,1.92,1.94,1.95,1.94,1.93,1.92,1.92,1.92,1.9,1.87,1.84,1.82,1.8,1.79,1.78,1.77,1.75,1.74,1.73,1.71,1.7,1.69
0,1.15,1.14,1.58,1.74,1.81,1.83,1.84,1.86,1.85,1.85,1.84,1.84,1.84,1.84,1.85,1.87,1.91,1.94,1.96,1.97,1.97,2.02,2.02,2.03,2.04,2.04,2.03,2.02,2.01,2,1.99,1.99,1.98,1.98,2,2.02,2.02,2.02,2.02,2.02,2.02,2.04,2.05,2.05,2.05,2.05,2.04,2.04,2.05,2.06,2.07,2.06,2.05,2.03,2,1.98,1.96,1.95,1.95,1.94,1.94,1.94,1.92,1.91,1.91,1.91,1.92,1.92,1.93,1.94,1.94,1.93,1.92,1.92,1.91,1.9,1.88,1.85,1.83,1.81,1.8,1.79,1.78,1.77,1.76,1.75,1.74,1.73,1.71,1.7
0,0,0,0,0,0,0,1.32,1.71,1.77,1.78,1.78,1.77,1.78,1.78,1.79,1.82,1.87,1.9,1.93,1.93,1.93,1.99,1.99,1.99,2.01,2.01,2.01,2,1.99,1.97,1.97,1.97,1.97,1.98,1.99,2.01,2.01,2,2,2,2,2.02,2.03,2.03,2.04,2.03,2.04,2.05,2.06,2.07,2.07,2.05,2.03,2.02,2,1.99,1.97,1.96,1.95,1.95,1.94,1.93,1.93,1.91,1.9,1.93,1.92,1.92,1.92,1.93,1.92,1.92,1.91,1.9,1.9,1.88,1.86,1.84,1.82,1.81,1.8,1.79,1.78,1.78,1.77,1.76,1.75,1.74,1.73,1.72
0,0,0,0,0,0,0,0,0,1.39,1.69,1.7,1.7,1.71,1.72,1.74,1.78,1.84,1.87,1.89,1.9,1.88,2.02,1.93,1.96,1.99,1.99,1.99,1.97,1.96,1.96,1.95,1.96,1.98,1.99,2,2.01,2,1.99,1.98,1.99,1.99,2.01,2.02,2.03,2.03,2.03,2.05,2.07,2.08,2.07,2.05,2.03,2,1.99,1.99,2,1.98,1.96,1.95,1.95,1.94,1.93,1.93,1.93,1.93,1.93,1.91,1.92,1.92,1.93,1.93,1.91,1.9,1.89,1.87,1.86,1.85,1.83,1.81,1.81,1.8,1.78,1.78,1.78,1.77,1.76,1.76,1.75,1.74,1.73
0,0,0,0,0,0,0,0,0,0,1.22,1.62,1.64,1.64,1.66,1.69,1.74,1.81,1.83,1.86,1.86,1.89,1.98,1.97,1.91,1.96,1.96,1.95,1.94,1.93,1.95,1.95,1.97,1.98,2,1.99,1.99,1.98,1.98,1.97,1.97,1.99,2,2.01,2.01,2.02,2.04,2.07,2.08,2.08,2.07,2.03,2,1.98,1.98,1.99,2,2,2,2,1.98,1.93,1.91,1.93,1.96,1.96,1.93,1.92,1.93,1.94,1.94,1.94,1.92,1.89,1.87,1.86,1.85,1.84,1.83,1.81,1.8,1.79,1.77,1.77,1.77,1.76,1.76,1.76,1.75,1.75,1.74
0,0,0,0,0,0,0,0,0,0,0,0.97,1.5,1.56,1.57,1.6,1.69,1.78,1.81,1.84,1.83,1.83,1.94,1.88,1.9,1.93,1.94,1.93,1.93,1.94,1.96,1.96,1.97,1.96,1.96,1.96,1.97,1.96,1.96,1.96,1.96,1.97,1.98,1.99,2,2,2.03,2.06,2.05,2.04,2.03,2,1.97,1.96,1.95,1.98,2,1.99,1.98,1.98,1.95,1.91,1.9,1.92,1.96,1.98,1.96,1.95,1.93,1.94,1.94,1.92,1.9,1.88,1.87,1.86,1.86,1.84,1.83,1.81,1.8,1.78,1.77,1.77,1.76,1.75,1.75,1.75,1.75,1.75,1.74
