WWIII_reconciliated.json
{"header": {"discipline":10,"gribEdition":2,"gribLength":223018,"center":7,"subcenter":0,"refTime":"2021-03-29T00:00:00.000Z","significanceOfRT":1,"productStatus":0,"productType":1,"productDefinitionTemplate":0,"parameterCategory":0,"parameterNumber":3,"parameterUnit":"m","genProcessType":2,"forecastTime":0,"surface1Type":1,"surface1Value":0,"surface2Type":255,"surface2Value":-9.999e-252,"gridDefinitionTemplate":0,"numberPoints":222480,"shape":6,"gridUnits":"degrees","resolution":48,"winds":"true","scanMode":64,"nx":720,"ny":309,"basicAngle":0,"lo1":-179.5,"la1":77,"lo2":180,"la2":-77,"dx":0.5,"dy":0.5}, "data":
[rows 82 to 122 of 309, columns 0 to 90 of 720]
2.37,2.29,2.26,2.23,2.23,2.25,2.27,2.3,2.34,2.37,2.41,2.46,2.5,2.52,2.53,2.53,2.51,2.48,2.45,2.42,2.39,2.36,2.34,2.31,2.29,2.3,2.34,2.39,2.42,2.44,2.47,2.5,2.55,2.58,2.6,2.58,2.57,2.59,2.61,2.58,2.55,2.5,2.45,2.43,2.39,2.35,2.27,2.22,2.19,2.16,2.08,2.02,1.99,1.96,1.94,1.93,1.91,1.9,1.89,1.87,1.86,1.83,1.8,1.76,1.74,1.72,1.74,1.77,1.66,1.54,1.46,1.43,1.41,1.41,1.41,1.42,1.45,1.46,1.46,1.46,1.47,1.48,1.49,1.49,1.49,1.5,1.5,1.5,1.51,1.52,1.52
2.27,2.22,2.2,2.19,2.2,2.22,2.26,2.3,2.34,2.38,2.43,2.47,2.51,2.54,2.54,2.55,2.52,2.47,2.43,2.4,2.37,2.35,2.32,2.3,2.29,2.29,2.32,2.37,2.41,2.4,2.42,2.45,2.5,2.56,2.59,2.6,2.63,2.63,2.64,2.61,2.59,2.58,2.53,2.46,2.43,2.42,2.39,2.32,2.25,2.19,2.13,2.09,2.05,2.01,1.98,1.96,1.94,1.92,1.9,1.87,1.84,1.81,1.78,1.76,1.74,1.74,1.75,1.64,1.54,1.46,1.42,1.41,1.41,1.42,1.44,1.46,1.46,1.48,1.49,1.49,1.5,1.51,1.52,1.52,1.52,1.52,1.52,1.52,1.53,1.54,1.54
2.2,2.18,2.16,2.17,2.19,2.22,2.25,2.29,2.33,2.38,2.43,2.47,2.51,2.53,2.53,2.54,2.51,2.46,2.42,2.39,2.36,2.33,2.31,2.3,2.29,2.3,2.34,2.36,2.4,2.41,2.41,2.44,2.51,2.57,2.61,2.63,2.64,2.66,2.65,2.64,2.64,2.61,2.57,2.54,2.51,2.48,2.42,2.39,2.35,2.28,2.21,2.15,2.1,2.06,2.03,2,1.96,1.92,1.88,1.85,1.81,1.79,1.78,1.77,1.76,1.67,1.59,1.51,1.45,1.42,1.41,1.41,1.42,1.43,1.46,1.48,1.5,1.52,1.53,1.52,1.52,1.53,1.54,1.55,1.55,1.55,1.54,1.55,1.56,1.57,1.57
2.16,2.15,2.15,2.16,2.19,2.23,2.26,2.29,2.34,2.38,2.41,2.44,2.47,2.49,2.5,2.5,2.48,2.43,2.4,2.37,2.35,2.33,2.31,2.31,2.31,2.31,2.34,2.34,2.38,2.41,2.42,2.46,2.52,2.59,2.63,2.66,2.69,2.68,2.66,2.63,2.59,2.57,2.57,2.58,2.58,2.54,2.52,2.47,2.4,2.33,2.26,2.21,2.15,2.1,2.05,1.99,1.93,1.89,1.86,1.83,1.79,1.76,1.74,1.71,1.67,1.57,1.48,1.44,1.42,1.41,1.41,1.42,1.44,1.46,1.48,1.5,1.52,1.56,1.57,1.56,1.54,1.55,1.57,1.58,1.58,1.58,1.58,1.57,1.58,1.59,1.6
2.15,2.15,2.16,2.18,2.21,2.25,2.28,2.31,2.34,2.37,2.39,2.41,2.42,2.44,2.46,2.46,2.44,2.41,2.38,2.36,2.35,2.33,2.33,2.33,2.33,2.32,2.34,2.34,2.37,2.42,2.48,2.51,2.55,2.6,2.65,2.68,2.69,2.7,2.66,2.61,2.59,2.59,2.58,2.61,2.62,2.58,2.53,2.49,2.43,2.35,2.28,2.21,2.13,2.05,1.99,1.94,1.9,1.85,1.82,1.78,1.77,1.74,1.69,1.61,1.55,1.48,1.44,1.42,1.42,1.41,1.41,1.43,1.47,1.49,1.5,1.52,1.54,1.57,1.59,1.6,1.59,1.6,1.62,1.63,1.62,1.61,1.61,1.61,1.61,1.62,1.62
2.14,2.17,2.19,2.22,2.25,2.27,2.29,2.31,2.32,2.34,2.36,2.38,2.39,2.4,2.41,2.42,2.42,2.4,2.38,2.37,2.37,2.35,2.35,2.36,2.36,2.34,2.33,2.33,2.36,2.4,2.46,2.54,2.6,2.63,2.66,2.69,2.7,2.7,2.68,2.63,2.59,2.55,2.57,2.58,2.63,2.6,2.54,2.48,2.41,2.34,2.26,2.18,2.1,2.02,1.95,1.89,1.83,1.8,1.76,1.74,1.73,1.69,1.57,1.52,1.47,1.44,1.43,1.43,1.43,1.43,1.43,1.44,1.47,1.5,1.52,1.55,1.57,1.6,1.62,1.63,1.64,1.65,1.66,1.66,1.67,1.65,1.65,1.65,1.64,1.64,1.63
2.16,2.2,2.23,2.25,2.27,2.29,2.3,2.31,2.32,2.33,2.34,2.35,2.35,2.35,2.37,2.4,2.42,2.4,2.4,2.41,2.39,2.38,2.37,2.39,2.36,2.36,2.35,2.37,2.4,2.43,2.47,2.51,2.57,2.64,2.68,2.7,2.72,2.72,2.68,2.64,2.58,2.56,2.56,2.6,2.61,2.58,2.53,2.47,2.4,2.32,2.25,2.17,2.09,2.01,1.93,1.87,1.81,1.77,1.73,1.7,1.63,1.57,1.5,1.46,1.44,1.44,1.44,1.45,1.45,1.46,1.47,1.48,1.5,1.52,1.55,1.58,1.61,1.63,1.64,1.65,1.64,1.65,1.67,1.67,1.69,1.68,1.67,1.66,1.65,1.64,1.64
2.21,2.25,2.27,2.3,2.31,2.31,2.32,2.33,2.34,2.33,2.33,2.33,2.33,2.33,2.34,2.38,2.4,2.4,2.41,2.42,2.41,2.4,2.4,2.42,2.4,2.38,2.39,2.38,2.39,2.44,2.48,2.55,2.61,2.65,2.66,2.68,2.74,2.73,2.7,2.65,2.57,2.52,2.53,2.58,2.58,2.53,2.48,2.43,2.38,2.32,2.27,2.21,2.14,2.06,1.98,1.88,1.83,1.77,1.72,1.56,1.51,1.48,1.47,1.46,1.47,1.47,1.47,1.46,1.47,1.49,1.52,1.53,1.56,1.58,1.61,1.64,1.66,1.66,1.66,1.66,1.65,1.66,1.67,1.68,1.69,1.69,1.69,1.68,1.67,1.66,1.66
2.26,2.28,2.32,2.34,2.33,2.34,2.35,2.35,2.35,2.35,2.32,2.31,2.32,2.32,2.33,2.34,2.35,2.35,2.35,2.36,2.38,2.39,2.42,2.46,2.5,2.5,2.48,2.44,2.41,2.37,2.43,2.51,2.6,2.66,2.69,2.67,2.63,2.6,2.62,2.66,2.61,2.5,2.48,2.53,2.53,2.49,2.45,2.4,2.35,2.31,2.27,2.24,2.18,2.03,1.91,1.87,1.71,1.59,1.51,1.47,1.47,1.48,1.49,1.5,1.5,1.5,1.49,1.51,1.52,1.54,1.56,1.59,1.61,1.64,1.65,1.67,1.7,1.71,1.7,1.69,1.68,1.68,1.7,1.71,1.71,1.71,1.71,1.71,1.71,1.69,1.69
2.27,2.3,2.34,2.38,2.39,2.39,2.37,2.34,2.32,2.32,2.32,2.32,2.34,2.34,2.33,2.32,2.31,2.29,2.29,2.32,2.37,2.41,2.47,2.57,2.63,2.65,2.62,2.55,2.48,2.39,2.36,2.42,2.53,2.59,2.62,2.59,2.57,2.56,2.57,2.61,2.59,2.52,2.45,2.48,2.5,2.48,2.43,2.36,2.3,2.23,2.17,2.02,1.85,1.72,1.62,1.58,1.49,1.47,1.47,1.48,1.5,1.52,1.54,1.54,1.54,1.53,1.53,1.56,1.58,1.6,1.62,1.66,1.68,1.69,1.71,1.73,1.75,1.76,1.75,1.75,1.73,1.72,1.73,1.75,1.76,1.76,1.76,1.75,1.74,1.73,1.72
2.28,2.32,2.36,2.4,2.41,2.38,2.34,2.31,2.3,2.31,2.33,2.34,2.34,2.34,2.33,2.32,2.29,2.29,2.28,2.35,2.46,2.52,2.56,2.75,2.9,2.86,2.84,2.66,2.52,2.43,2.35,2.33,2.4,2.47,2.51,2.55,2.59,2.6,2.58,2.58,2.55,2.5,2.46,2.48,2.4,2.37,2.31,2.2,2,1.87,1.82,1.77,1.68,1.55,1.51,1.49,1.48,1.49,1.51,1.53,1.55,1.56,1.58,1.58,1.57,1.56,1.55,1.56,1.59,1.64,1.68,1.71,1.74,1.75,1.74,1.74,1.75,1.78,1.8,1.79,1.79,1.79,1.78,1.78,1.78,1.78,1.77,1.77,1.75,1.74,1.73
2.29,2.32,2.36,2.38,2.35,2.33,2.33,2.34,2.33,2.35,2.36,2.35,2.35,2.33,2.31,2.31,2.28,2.32,2.31,2.4,2.53,2.59,2.68,2.92,3.09,3.06,3.02,2.85,2.57,2.46,2.36,2.32,2.34,2.36,2.36,2.46,2.56,2.57,2.51,2.48,2.45,2.44,2.42,2.31,2.14,2.03,2.01,1.94,1.82,1.72,1.66,1.62,1.58,1.53,1.52,1.52,1.53,1.55,1.57,1.59,1.6,1.61,1.61,1.61,1.6,1.59,1.57,1.56,1.58,1.64,1.71,1.76,1.78,1.79,1.79,1.79,1.8,1.81,1.84,1.85,1.83,1.84,1.83,1.82,1.79,1.78,1.77,1.77,1.76,1.76,1.75
2.29,2.31,2.33,2.32,2.3,2.34,2.39,2.41,2.38,2.37,2.36,2.34,2.33,2.31,2.31,2.3,2.31,2.32,2.32,2.31,2.28,2.52,2.84,3.07,3.18,3.33,3.24,2.98,2.63,2.5,2.38,2.35,2.34,2.29,2.22,2.2,2.25,2.28,2.28,2.26,2.2,2.13,2.09,2.04,1.95,1.88,1.85,1.8,1.74,1.68,1.63,1.61,1.59,1.58,1.59,1.59,1.6,1.62,1.64,1.65,1.65,1.66,1.66,1.65,1.64,1.62,1.62,1.62,1.62,1.65,1.74,1.8,1.83,1.84,1.85,1.85,1.86,1.87,1.87,1.87,1.87,1.86,1.86,1.85,1.82,1.8,1.8,1.8,1.8,1.79,1.79
2.33,2.34,2.33,2.31,2.33,2.41,2.45,2.43,2.38,2.35,2.32,2.28,2.28,2.31,2.32,2.31,2.3,2.33,2.29,2.31,2.25,2.49,2.85,3.18,3.06,3.47,3.32,3,2.68,2.52,2.43,2.41,2.39,2.29,2.18,2.13,2.1,2.06,2.01,1.97,1.95,1.95,1.97,1.97,1.92,1.86,1.81,1.78,1.75,1.72,1.7,1.68,1.67,1.67,1.67,1.67,1.69,1.7,1.7,1.71,1.71,1.72,1.71,1.7,1.68,1.67,1.66,1.65,1.65,1.65,1.71,1.81,1.87,1.9,1.9,1.91,1.9,1.9,1.91,1.92,1.92,1.92,1.91,1.9,1.86,1.85,1.85,1.84,1.84,1.84,1.84
2.35,2.35,2.34,2.32,2.34,2.42,2.43,2.38,2.35,2.28,2.24,2.23,2.24,2.27,2.28,2.28,2.29,2.3,2.31,2.3,2.28,2.25,2.43,2.95,3,3.17,3.23,3.01,2.7,2.57,2.51,2.47,2.43,2.33,2.2,2.13,2.05,1.98,1.94,1.92,1.95,2,2.04,2.02,1.98,1.92,1.88,1.85,1.82,1.8,1.79,1.77,1.76,1.76,1.76,1.76,1.77,1.77,1.77,1.78,1.78,1.77,1.76,1.74,1.71,1.7,1.68,1.67,1.65,1.66,1.68,1.76,1.84,1.89,1.93,1.95,1.95,1.95,1.96,1.97,1.96,1.94,1.94,1.94,1.92,1.9,1.91,1.91,1.91,1.89,1.88
2.4,2.38,2.34,2.33,2.35,2.49,2.31,2.31,2.27,2.22,2.2,2.2,2.22,2.25,2.27,2.27,2.26,2.29,2.34,2.37,2.37,2.32,2.41,2.81,2.92,2.97,2.98,2.87,2.68,2.59,2.55,2.5,2.42,2.33,2.26,2.17,2.06,2,1.98,2.02,2.11,2.17,2.16,2.11,2.05,2,1.96,1.92,1.9,1.9,1.89,1.88,1.85,1.85,1.85,1.85,1.85,1.84,1.84,1.84,1.84,1.83,1.81,1.77,1.75,1.74,1.72,1.69,1.68,1.68,1.69,1.72,1.77,1.85,1.91,1.95,1.98,1.99,2.01,2.02,2.01,1.98,1.99,2,1.99,1.97,1.95,1.94,1.94,1.93,1.92
2.42,2.38,2.32,2.27,2.25,2.41,2.18,2.24,2.2,2.19,2.18,2.2,2.22,2.24,2.28,2.27,2.31,2.25,2.34,2.34,2.36,2.35,2.53,2.78,2.83,2.82,2.75,2.65,2.53,2.46,2.39,2.36,2.34,2.32,2.27,2.19,2.11,2.08,2.1,2.17,2.26,2.3,2.25,2.18,2.12,2.08,2.03,2.01,2,2,2,1.97,1.94,1.93,1.93,1.93,1.92,1.91,1.9,1.89,1.9,1.89,1.85,1.81,1.79,1.77,1.74,1.72,1.7,1.7,1.71,1.72,1.73,1.8,1.85,1.91,1.97,2.01,2.04,2.06,2.07,2.04,2.03,2.03,2.03,2.01,1.99,1.98,1.97,1.96,1.95
2.42,2.39,2.32,2.25,2.21,2.36,2.12,2.24,2.19,2.19,2.17,2.19,2.23,2.28,2.32,2.32,2.3,2.36,2.33,2.36,2.36,2.41,2.58,2.73,2.78,2.66,2.53,2.4,2.35,2.32,2.29,2.31,2.32,2.31,2.28,2.22,2.18,2.21,2.26,2.32,2.38,2.37,2.31,2.25,2.19,2.15,2.11,2.08,2.09,2.09,2.08,2.04,2.01,2,2.01,1.99,1.98,1.97,1.98,1.99,1.98,1.95,1.9,1.85,1.82,1.8,1.78,1.76,1.74,1.73,1.73,1.73,1.74,1.76,1.79,1.85,1.92,1.98,2.03,2.07,2.09,2.08,2.06,2.06,2.07,2.06,2.04,2.03,2.01,1.99,1.97
2.43,2.39,2.33,2.27,2.23,2.29,2.15,2.25,2.22,2.21,2.18,2.17,2.24,2.33,2.37,2.38,2.32,2.36,2.36,2.41,2.41,2.51,2.6,2.64,2.67,2.57,2.4,2.28,2.26,2.27,2.28,2.29,2.32,2.31,2.29,2.28,2.29,2.35,2.4,2.44,2.45,2.4,2.36,2.32,2.26,2.21,2.19,2.17,2.16,2.15,2.13,2.11,2.09,2.07,2.06,2.05,2.04,2.02,2.02,2.02,2.02,1.99,1.94,1.89,1.84,1.82,1.82,1.82,1.8,1.76,1.75,1.75,1.76,1.77,1.79,1.81,1.85,1.9,1.94,1.99,2.02,2.06,2.06,2.08,2.09,2.1,2.09,2.07,2.06,2.05,2.02
2.45,2.41,2.36,2.31,2.27,2.28,2.22,2.28,2.26,2.23,2.21,2.18,2.25,2.38,2.43,2.42,2.42,2.49,2.39,2.39,2.45,2.53,2.58,2.56,2.55,2.48,2.34,2.25,2.23,2.28,2.29,2.3,2.32,2.34,2.34,2.34,2.4,2.45,2.51,2.52,2.49,2.45,2.42,2.39,2.33,2.29,2.27,2.26,2.26,2.23,2.2,2.18,2.14,2.12,2.11,2.1,2.09,2.07,2.06,2.06,2.06,2.02,1.98,1.93,1.89,1.87,1.86,1.85,1.82,1.79,1.76,1.75,1.76,1.77,1.79,1.81,1.83,1.86,1.9,1.93,1.96,2,2.03,2.05,2.08,2.09,2.09,2.09,2.08,2.07,2.05
2.47,2.43,2.39,2.34,2.31,2.29,2.26,2.29,2.26,2.17,1.97,0,0,2.41,2.48,2.49,2.56,2.39,2.32,2.4,2.32,2.53,2.56,2.53,2.48,2.39,2.29,2.24,2.24,2.3,2.32,2.34,2.36,2.4,2.4,2.42,2.47,2.52,2.57,2.56,2.53,2.51,2.49,2.48,2.44,2.37,2.33,2.34,2.34,2.33,2.29,2.24,2.21,2.18,2.14,2.12,2.11,2.09,2.1,2.09,2.08,2.05,2.02,2,1.98,1.95,1.93,1.91,1.88,1.83,1.79,1.77,1.78,1.8,1.81,1.83,1.83,1.84,1.86,1.9,1.95,2,2.02,2.03,2.02,2.04,2.06,2.08,2.09,2.11,2.09
2.48,2.46,2.42,2.39,2.36,2.34,2.34,2.35,2.28,2.19,1.98,1.36,1.58,2.39,2.48,2.57,2.45,2.27,2.39,2.3,0,2.52,2.55,2.52,2.41,2.33,2.28,2.24,2.26,2.34,2.39,2.38,2.4,2.43,2.45,2.49,2.53,2.59,2.62,2.62,2.59,2.56,2.53,2.51,2.49,2.46,2.46,2.46,2.45,2.43,2.39,2.32,2.26,2.23,2.19,2.16,2.12,2.1,2.11,2.12,2.12,2.08,2.03,2.01,2,2.01,2.01,1.99,1.94,1.89,1.85,1.84,1.85,1.87,1.86,1.85,1.84,1.83,1.85,1.89,1.95,2.01,2.03,2.04,2.04,2.04,2.04,2.04,2.06,2.09,2.1
2.51,2.48,2.45,2.43,2.4,2.41,2.42,2.38,2.29,2.16,1.95,1.63,1.8,2.3,2.42,2.45,2.35,2.43,2.65,2.63,2.12,2.51,2.5,2.49,2.39,2.29,2.26,2.26,2.33,2.4,2.43,2.4,2.42,2.46,2.48,2.53,2.59,2.65,2.68,2.66,2.63,2.61,2.59,2.57,2.56,2.55,2.53,2.55,2.54,2.51,2.46,2.4,2.34,2.29,2.25,2.22,2.16,2.12,2.11,2.1,2.09,2.04,2,1.98,1.99,2.07,2.06,2.05,2.03,2,1.98,1.97,1.95,1.94,1.92,1.89,1.87,1.86,1.87,1.9,1.95,1.98,2.01,2.03,2.06,2.07,2.05,2.04,2.04,2.06,2.08
2.53,2.5,2.48,2.46,2.47,2.5,2.47,2.38,2.27,2.13,1.95,1.77,1.91,2.22,2.32,2.34,2.39,2.56,2.71,2.71,2.33,2.46,2.45,2.43,2.36,2.27,2.23,2.26,2.34,2.43,2.44,2.43,2.47,2.49,2.51,2.58,2.65,2.72,2.73,2.71,2.68,2.65,2.62,2.6,2.58,2.6,2.59,2.57,2.56,2.57,2.53,2.49,2.44,2.38,2.31,2.26,2.23,2.18,2.13,2.09,2.07,2.05,2.01,1.97,1.95,1.95,1.98,2.01,2.05,2.07,2.01,1.99,2,1.99,1.97,1.94,1.92,1.91,1.9,1.9,1.89,1.9,1.94,1.97,2.02,2.06,2.07,2.05,2.04,2.03,2.04
2.54,2.52,2.52,2.54,2.55,2.53,2.45,2.35,2.24,2.1,1.96,1.87,1.99,2.2,2.3,2.35,2.45,2.61,2.8,2.7,2.42,2.41,2.43,2.4,2.33,2.27,2.22,2.33,2.42,2.39,2.46,2.49,2.52,2.52,2.55,2.62,2.71,2.76,2.76,2.76,2.71,2.66,2.64,2.61,2.61,2.6,2.6,2.6,2.57,2.57,2.59,2.57,2.54,2.48,2.4,2.31,2.26,2.24,2.2,2.16,2.1,2.08,2.05,2.02,1.98,1.96,1.96,1.97,1.99,1.99,1.98,1.98,2,2.02,2.02,2,1.99,1.95,1.91,1.88,1.86,1.85,1.86,1.9,1.94,1.97,2,2,2,1.98,1.99
2.59,2.59,2.61,2.59,2.55,2.49,2.4,2.3,2.2,2.08,1.98,1.93,2.03,2.2,2.29,2.37,2.48,2.68,2.75,2.64,2.43,2.35,2.36,2.25,2.24,2.23,2.17,2.21,2.43,2.35,2.44,2.51,2.54,2.56,2.58,2.65,2.74,2.79,2.78,2.76,2.72,2.68,2.64,2.6,2.57,2.6,2.65,2.65,2.61,2.55,2.53,2.56,2.57,2.53,2.49,2.4,2.32,2.26,2.22,2.18,2.15,2.1,2.06,2.04,2.02,1.99,1.97,1.96,1.96,1.98,1.99,2,2.02,2.03,2.06,2.04,1.99,1.96,1.92,1.89,1.86,1.83,1.83,1.84,1.87,1.9,1.92,1.93,1.93,1.91,1.9
2.65,2.66,2.61,2.54,2.47,2.4,2.33,2.26,2.16,2.07,2,1.97,2.06,2.2,2.29,2.37,2.46,2.59,2.6,2.55,2.61,2.25,2.18,2.14,2.19,2.22,2.21,2.2,2.36,2.37,2.38,2.45,2.48,2.52,2.57,2.65,2.72,2.76,2.72,2.69,2.63,2.6,2.64,2.62,2.6,2.64,2.65,2.66,2.62,2.58,2.54,2.52,2.56,2.58,2.56,2.49,2.42,2.33,2.28,2.24,2.2,2.16,2.14,2.09,2.05,2.02,2.01,1.98,1.98,1.99,2.01,2.02,2.03,2.03,2.02,2.03,2,1.97,1.92,1.9,1.86,1.83,1.82,1.82,1.84,1.86,1.88,1.88,1.87,1.87,1.89
2.68,2.61,2.5,2.42,2.36,2.32,2.28,2.22,2.14,2.06,2.02,2.01,2.08,2.2,2.28,2.35,2.43,2.54,2.6,2.54,2.27,2.17,2.12,2.14,2.2,2.26,2.28,2.29,2.39,2.41,2.44,2.47,2.44,2.48,2.55,2.62,2.67,2.73,2.73,2.73,2.55,2.59,2.61,2.62,2.63,2.69,2.7,2.73,2.66,2.62,2.55,2.52,2.55,2.59,2.6,2.56,2.51,2.42,2.33,2.28,2.23,2.18,2.15,2.12,2.11,2.08,2.06,2.04,2.03,2.05,2.05,2.05,2.05,2.05,2.04,2.03,2,1.99,1.95,1.92,1.89,1.86,1.83,1.82,1.82,1.83,1.85,1.85,1.85,1.86,1.87
2.57,2.46,2.39,2.34,2.31,2.28,2.25,2.2,2.13,2.07,2.05,2.03,2.09,2.19,2.27,2.33,2.4,2.49,2.53,2.46,2.35,2.24,2.24,2.24,2.29,2.34,2.37,2.38,2.43,2.45,2.47,2.49,2.46,2.5,2.55,2.58,2.63,2.58,2.35,2.01,0,2.07,2.58,2.5,2.66,2.81,2.68,2.68,2.65,2.66,2.62,2.56,2.53,2.55,2.59,2.59,2.56,2.49,2.4,2.33,2.28,2.25,2.24,2.19,2.17,2.18,2.15,2.16,2.15,2.12,2.11,2.09,2.07,2.06,2.06,2.05,2.03,1.99,1.97,1.93,1.89,1.87,1.84,1.81,1.81,1.82,1.82,1.83,1.83,1.84,1.86
2.42,2.37,2.33,2.31,2.28,2.27,2.24,2.18,2.13,2.09,2.08,2.06,2.11,2.19,2.26,2.31,2.35,2.39,2.43,2.41,2.35,2.31,2.33,2.34,2.37,2.39,2.42,2.43,2.45,2.44,2.43,2.43,2.42,2.45,2.51,2.56,2.57,2.53,2.4,2.22,1.78,1.54,1.51,0,2.35,2.77,2.82,2.76,2.73,2.66,2.63,2.62,2.62,2.59,2.58,2.57,2.55,2.52,2.47,2.4,2.36,2.34,2.31,2.29,2.28,2.33,2.29,2.29,2.25,2.2,2.17,2.15,2.14,2.12,2.09,2.07,2.03,1.99,1.99,1.95,1.91,1.87,1.84,1.82,1.8,1.79,1.8,1.8,1.8,1.81,1.85
2.36,2.33,2.31,2.3,2.31,2.3,2.28,2.23,2.18,2.13,2.1,2.09,2.12,2.19,2.25,2.29,2.35,2.39,2.42,2.38,2.35,2.35,2.36,2.38,2.38,2.4,2.43,2.45,2.45,2.43,2.39,2.36,2.36,2.42,2.5,2.52,2.53,2.54,2.49,2.39,2.12,1.8,1.7,1.42,1.41,1.58,2.39,2.15,2.45,2.56,2.63,2.66,2.67,2.65,2.59,2.55,2.56,2.57,2.53,2.46,2.41,2.41,2.38,2.39,2.37,2.35,2.36,2.35,2.31,2.29,2.27,2.21,2.18,2.15,2.1,2.07,2.04,2.02,2.01,1.96,1.94,1.9,1.85,1.83,1.8,1.79,1.79,1.78,1.78,1.8,1.82
2.35,2.33,2.32,2.33,2.33,2.34,2.31,2.26,2.22,2.17,2.14,2.11,2.13,2.18,2.25,2.3,2.35,2.38,2.39,2.37,2.35,2.35,2.36,2.37,2.38,2.41,2.45,2.46,2.46,2.44,2.4,2.35,2.35,2.36,2.36,2.37,2.41,2.44,2.51,2.49,2.36,2.16,2.03,1.92,1.84,2.23,2.38,1.83,2.09,2.45,2.51,2.67,2.72,2.7,2.65,2.59,2.56,2.53,2.53,2.51,2.48,2.48,2.49,2.43,2.38,2.35,2.36,2.37,2.36,2.32,2.27,2.23,2.2,2.18,2.14,2.12,2.08,2.04,2.01,1.98,1.94,1.91,1.86,1.83,1.81,1.8,1.79,1.79,1.8,1.8,1.81
2.37,2.37,2.37,2.36,2.36,2.35,2.32,2.27,2.22,2.19,2.15,2.12,2.13,2.19,2.26,2.33,2.37,2.37,2.37,2.36,2.34,2.34,2.35,2.37,2.4,2.44,2.47,2.48,2.48,2.47,2.44,2.39,2.37,2.36,2.35,2.37,2.42,2.49,2.57,2.61,2.56,2.42,2.3,2.18,1.96,1.67,1.36,0.82,0,2.05,2.46,2.68,2.77,2.78,2.73,2.67,2.62,2.59,2.57,2.56,2.53,2.53,2.49,2.46,2.41,2.39,2.39,2.38,2.37,2.34,2.31,2.28,2.25,2.23,2.2,2.17,2.11,2.07,2.03,1.99,1.94,1.9,1.87,1.84,1.82,1.81,1.8,1.81,1.82,1.82,1.81
2.43,2.42,2.4,2.38,2.36,2.33,2.29,2.25,2.21,2.2,2.16,2.12,2.14,2.21,2.29,2.35,2.37,2.37,2.36,2.35,2.33,2.34,2.36,2.39,2.44,2.48,2.51,2.52,2.51,2.49,2.47,2.45,2.44,2.42,2.41,2.44,2.5,2.56,2.6,2.62,2.6,2.55,2.49,2.39,2.23,1.95,1.53,1.06,0,0,2.41,2.7,2.79,2.81,2.8,2.76,2.7,2.64,2.63,2.61,2.59,2.55,2.52,2.5,2.48,2.44,2.43,2.4,2.4,2.39,2.37,2.32,2.3,2.27,2.23,2.19,2.14,2.08,2.06,2.01,1.97,1.94,1.9,1.87,1.85,1.83,1.82,1.83,1.83,1.82,1.83
2.43,2.42,2.4,2.38,2.35,2.31,2.28,2.24,2.22,2.18,2.15,2.14,2.16,2.23,2.3,2.35,2.36,2.36,2.35,2.35,2.33,2.35,2.38,2.44,2.49,2.53,2.55,2.58,2.58,2.56,2.52,2.52,2.52,2.51,2.52,2.54,2.59,2.64,2.66,2.69,2.7,2.72,2.75,2.79,2.81,2.72,2.25,1.86,1.86,2.16,2.58,2.73,2.78,2.79,2.81,2.82,2.79,2.73,2.68,2.64,2.62,2.57,2.53,2.49,2.49,2.47,2.44,2.41,2.38,2.38,2.38,2.36,2.34,2.29,2.26,2.21,2.17,2.12,2.1,2.05,2,1.96,1.95,1.93,1.9,1.87,1.83,1.82,1.82,1.82,1.83
2.43,2.43,2.41,2.38,2.36,2.32,2.28,2.23,2.19,2.17,2.16,2.16,2.19,2.25,2.31,2.35,2.37,2.36,2.36,2.35,2.34,2.37,2.43,2.49,2.53,2.58,2.61,2.64,2.64,2.62,2.58,2.59,2.6,2.61,2.63,2.65,2.71,2.74,2.75,2.77,2.82,2.86,2.9,2.97,3.05,3.05,2.87,2.67,2.54,2.56,2.71,2.82,2.84,2.82,2.81,2.8,2.79,2.77,2.72,2.68,2.63,2.59,2.56,2.53,2.52,2.5,2.46,2.44,2.43,2.42,2.4,2.39,2.36,2.35,2.31,2.27,2.23,2.18,2.13,2.09,2.04,2,1.96,1.94,1.92,1.9,1.86,1.83,1.83,1.84,1.85
2.47,2.46,2.44,2.42,2.36,2.31,2.26,2.21,2.19,2.18,2.18,2.19,2.22,2.27,2.33,2.36,2.38,2.39,2.38,2.37,2.36,2.41,2.46,2.53,2.57,2.62,2.66,2.7,2.7,2.67,2.66,2.66,2.68,2.71,2.73,2.75,2.81,2.83,2.84,2.86,2.91,2.96,2.99,3.02,3,3.02,2.87,2.79,2.78,2.81,2.86,2.91,2.91,2.87,2.86,2.84,2.81,2.78,2.74,2.72,2.67,2.63,2.6,2.58,2.56,2.53,2.52,2.5,2.49,2.45,2.42,2.42,2.41,2.41,2.38,2.34,2.28,2.23,2.17,2.11,2.09,2.06,2.02,2.01,2,1.95,1.91,1.88,1.88,1.88,1.88
2.51,2.5,2.46,2.4,2.34,2.29,2.25,2.22,2.21,2.21,2.21,2.22,2.25,2.31,2.35,2.38,2.4,2.41,2.4,2.38,2.36,2.42,2.48,2.56,2.6,2.65,2.7,2.74,2.75,2.73,2.72,2.73,2.76,2.79,2.82,2.86,2.9,2.89,2.91,2.92,2.96,3.02,3.04,3.02,2.98,2.96,2.81,2.77,2.77,2.83,2.86,2.9,2.92,2.93,2.92,2.9,2.86,2.82,2.79,2.75,2.7,2.67,2.65,2.63,2.63,2.61,2.58,2.54,2.52,2.49,2.46,2.43,2.4,2.36,2.32,2.31,2.29,2.26,2.24,2.21,2.17,2.13,2.11,2.07,2.05,2.02,1.98,1.94,1.92,1.91,1.92
2.53,2.49,2.44,2.38,2.33,2.29,2.26,2.24,2.23,2.23,2.24,2.26,2.29,2.33,2.37,2.4,2.43,2.43,2.43,2.42,2.43,2.56,2.48,2.59,2.63,2.68,2.74,2.78,2.81,2.79,2.78,2.79,2.83,2.87,2.9,2.93,2.97,2.96,2.97,2.96,2.98,3.03,3.06,3.04,2.99,2.92,2.85,2.83,2.81,2.82,2.86,2.9,2.93,2.95,2.96,2.95,2.93,2.89,2.84,2.79,2.75,2.72,2.69,2.66,2.63,2.61,2.58,2.55,2.54,2.52,2.5,2.48,2.42,2.37,2.36,2.34,2.32,2.3,2.31,2.29,2.25,2.21,2.18,2.13,2.1,2.08,2.05,2.03,1.99,1.98,2
2.51,2.45,2.41,2.37,2.33,2.29,2.27,2.26,2.26,2.26,2.27,2.28,2.31,2.35,2.39,2.43,2.44,2.44,2.44,2.45,2.41,2.58,2.53,2.62,2.67,2.72,2.78,2.83,2.85,2.83,2.83,2.85,2.92,2.97,3,3.01,3.02,3.04,3.03,3.02,3.03,3.04,3.06,3.05,3.01,2.95,2.9,2.87,2.85,2.86,2.89,2.92,2.94,2.96,2.97,2.98,2.98,2.95,2.92,2.88,2.84,2.78,2.74,2.7,2.67,2.65,2.63,2.61,2.59,2.55,2.53,2.5,2.48,2.44,2.41,2.4,2.4,2.39,2.38,2.35,2.33,2.3,2.25,2.19,2.17,2.16,2.12,2.09,2.07,2.07,2.08
2.46,2.43,2.4,2.36,2.33,2.3,2.29,2.28,2.28,2.29,2.29,2.31,2.33,2.36,2.4,2.44,2.45,2.45,2.47,2.49,2.45,2.55,2.6,2.67,2.73,2.78,2.83,2.87,2.87,2.85,2.87,2.9,2.98,3.04,3.06,3.06,3.08,3.09,3.08,3.07,3.08,3.08,3.08,3.07,3.04,3,2.95,2.93,2.92,2.92,2.94,2.95,2.97,2.99,2.99,2.99,2.99,2.98,2.96,2.95,2.92,2.87,2.81,2.77,2.75,2.73,2.7,2.66,2.62,2.59,2.56,2.53,2.52,2.5,2.49,2.49,2.48,2.46,2.43,2.4,2.38,2.35,2.31,2.27,2.25,2.23,2.2,2.18,2.15,2.13,2.14
