WWIII_reconciliated.json
{"header": {"discipline":10,"gribEdition":2,"gribLength":276162,"center":7,"subcenter":0,"refTime":"2021-03-29T00:00:00.000Z","significanceOfRT":1,"productStatus":0,"productType":1,"productDefinitionTemplate":0,"parameterCategory":0,"parameterNumber":14,"parameterUnit":"Unknown","genProcessType":2,"forecastTime":0,"surface1Type":1,"surface1Value":0,"surface2Type":255,"surface2Value":-9.999e-252,"gridDefinitionTemplate":0,"numberPoints":222480,"shape":6,"gridUnits":"degrees","resolution":48,"winds":"true","scanMode":64,"nx":720,"ny":309,"basicAngle":0,"lo1":-179.5,"la1":77,"lo2":180,"la2":-77,"dx":0.5,"dy":0.5}, "data":
[rows 222 to 258 of 309, columns 574 to 655 of 720]
243.5,242.69,241.91,241.19,240.09,238.81,237.5,236.31,235.09,234,232.91,231.91,231,230.19,229.41,0,0,0,0,0,0,0,0,0,0,171.69,178.19,196.31,207.81,0,183.91,185.09,176.91,108.5,55.81,45.41,32.81,13.59,337.09,288,252.91,238.81,232.41,228.5,225.31,223.19,222,221,220.19,219,218.09,217.41,217.09,217,217.69,220.91,0,0,0,158.09,161,0,0,0,0,0,0,0,0,0,0,0,0,0,0,0,0,0,0,0,0,0
247.09,246.41,245.59,244.81,244,242.91,241.5,240.09,238.81,237.41,236.09,234.81,233.69,232.59,231.81,228.81,207.5,0,0,0,0,0,0,170.5,205.81,205.5,196.19,205.09,209.59,211.91,214.91,214.59,214.69,233.5,335.91,7.31,357.31,344.91,317.91,289.59,262.81,246,237.91,232.81,228.5,225.81,224.19,223.19,222.59,221.91,221.31,220.91,220.69,219.19,219.59,221,0,0,181.41,186,0,168.81,0,0,0,0,0,0,0,0,0,0,0,0,0,0,0,0,0,0,0,0
250.69,250.31,249.5,248.91,248,246.91,245.59,244.19,242.69,241.31,239.69,238.19,236.81,235.5,234.31,233.41,232.5,230,0,0,0,0,194,218.19,220,218.69,216.59,214.09,212.41,211.31,211.5,212.81,247.69,345,354.69,356.81,346.31,332.5,313.5,288.5,264.31,249,240.81,235.59,231,227.69,226.09,225,224.31,223.69,223.31,222.91,222.59,222.59,223.09,222.69,220.31,0,211.59,0,0,197.81,0,0,0,0,0,0,0,0,0,0,0,0,0,0,0,0,0,0,0,0
254.31,253.91,253.5,252.81,252.09,251.19,250,248.59,247.09,245.31,243.69,242.09,240.41,238.91,237.5,236.09,234.81,233.59,232.31,231.09,230.19,229.5,229.19,228.19,226.69,224.81,222.81,220.91,219.19,218.41,222,244.81,337,356.5,355.69,344.81,338.81,324.09,306.81,284.09,262.59,249.09,241.19,235.81,231.81,229.31,227.41,226.5,225.69,225.09,224.59,224.09,223.81,223.69,223.5,223.81,223.41,223.69,223.41,232.31,242.5,243.41,0,0,0,0,0,0,0,0,0,0,0,0,0,0,0,0,0,0,0,0
257.91,257.59,257.19,256.69,256.09,255.19,254.31,252.91,251.5,249.69,247.81,246.09,244.59,242.91,241.31,239.69,238.09,236.59,235.09,233.91,232.81,232,231.31,230.5,229.5,228.5,227.59,226.81,226.59,228.69,238.5,277.69,335.59,349.5,350.81,341.5,331.91,318.41,300.09,280.09,259.91,247.81,240.19,235.31,232.09,230.09,228.69,227.59,226.81,226.09,225.5,225.09,224.69,224.5,224.41,224.19,223.91,223.91,222.19,0,0,197.5,206.31,213,0,0,0,0,0,0,0,0,0,0,0,0,0,0,0,0,0,0
261.59,261.81,261.31,260.59,260,259.31,258.31,257.19,255.59,254,252.31,250.5,248.91,247.19,245.59,243.91,242.19,240.31,238.5,236.81,235.5,234.5,233.69,232.91,232.19,231.69,231.41,231.59,232.81,236.31,245.91,271.59,314.09,338.5,343.69,339.91,330,312.59,292.69,271.69,254.19,246.41,239.69,235.09,232.31,230.69,229.59,228.81,227.91,227,226.41,225.91,225.59,225.31,225.09,224.91,224.81,224.59,225,224.19,216.19,214.41,216.59,220.31,221.91,0,0,0,0,0,0,0,0,0,0,0,0,0,0,0,0,0
264.59,264.59,264.59,264.59,264.09,263.09,262.19,261.19,260,258.31,256.59,255,253.31,251.69,250,248.09,246.19,244.31,242.19,240.19,238.5,237.31,236.31,235.5,234.81,234.41,234.31,235,236.81,240.41,247.81,262.31,287.09,314.59,329.81,333.31,324.91,306.59,284.41,267.31,253.19,244.69,239.19,235.19,232.59,231.19,230.19,229.31,228.59,228,227.41,226.91,226.5,226.09,225.91,225.69,225.5,225.31,225.09,224.81,224.5,224.41,224.09,223.69,223.31,0,0,0,0,0,0,0,0,0,0,0,0,0,0,0,0,0
265.81,267,267.59,267.5,267.09,266.59,265.91,264.81,263.59,262.41,261.09,259.41,257.69,256.09,254.5,252.81,250.81,248.59,246.19,243.91,242.09,240.5,239.19,238.09,237.41,236.91,236.69,237.31,239.09,242.5,248.19,258.69,278.31,294.09,306.81,314.81,310.5,297,279,261.81,250.91,244.09,238.91,235.31,233.19,231.81,230.69,229.91,229.09,228.5,228.09,227.69,227.19,226.91,226.59,226.31,226.09,225.91,225.69,225.5,225.31,225.19,225.09,225.09,226,220.81,0,0,0,0,0,0,0,0,0,0,0,0,0,0,0,0
266.91,268.09,269.19,270.09,270,269.5,268.91,268.41,267.59,266.19,264.59,263.31,262,260.69,259,257.31,255.5,253.41,251.09,248.59,246.41,244.41,242.69,241.5,240.41,239.5,239,239.19,240.59,243.41,248.31,256,266.59,279.31,285.41,290.09,289.91,282.59,270.19,257.81,248.91,242.69,238.59,235.69,233.69,232.41,231.31,230.31,229.41,228.69,228.31,228.09,227.81,227.5,227.31,227,226.69,226.41,226.19,226,225.81,225.69,225.59,225.5,225.31,225.19,225.5,0,0,0,0,0,0,0,0,217.31,0,0,0,0,0,215.59
267.5,268.91,270.19,271.09,271.5,272.19,272.31,272,271.09,270.31,269.19,267.41,265.81,264.59,263.31,261.91,260.09,258.31,256.09,253.59,251.19,249.31,247.31,245.59,244.09,242.81,241.91,241.69,242.31,244.5,248.59,254.5,260.41,264.5,267.5,269.91,271.31,268.59,261.09,253.31,246.69,242,238.5,236.41,234.59,233.09,231.81,230.5,229.69,229.19,228.81,228.5,228.41,228.19,227.91,227.59,227.31,226.91,226.59,226.31,226,225.69,225.5,225.31,225,224.69,224.41,225.31,223.31,206.09,210.81,0,0,0,217.41,0,0,0,0,0,223.31,225.09
267.5,269.31,270.69,271.69,272.59,273.09,273.69,274.59,274.69,274.09,272.81,271.59,270.31,268.59,267.09,266,264.69,262.69,261,259,256.81,254.69,252.5,250.59,248.69,247,245.69,244.91,244.91,246.09,248.81,252.91,257.31,260,259.5,259.69,259.41,258.31,255.81,251.09,245.91,241.81,239,237.09,235.5,233.69,232.31,231,230.09,229.5,229.09,229.09,229,228.81,228.59,228.19,227.91,227.41,227,226.59,226.09,225.69,225.31,224.81,224.41,224.09,223.81,223.31,222.5,221.81,220.91,221.41,222.41,230.19,235.09,226.81,226.81,230.59,230.19,235.41,228,230.59
266.31,268.5,270.5,271.81,272.91,273.91,274.91,274.81,275.59,276.81,275.69,274.81,274,273,271.19,269.91,268.69,267.19,265.69,264.09,262.19,260.19,258,255.91,253.91,252,250.41,249.19,248.69,248.91,250,252.09,255.09,257.09,257.81,256.91,256.41,255.19,253.19,249.69,245.81,242.5,240.19,238.19,236.19,234.41,232.59,231.41,230.5,230,229.59,229.59,229.59,229.5,229.41,229.09,228.69,228.09,227.69,227.19,226.31,225.59,225.09,224.5,224,223.69,223.31,222.81,222.09,221.31,220.59,220.41,223.09,240.69,240.69,221.31,225.41,227.81,232.91,237.31,237.5,245.69
264.81,267,269.19,271.09,272.5,273.81,274.91,275.59,276.19,276.19,276.59,277.91,276.91,276.31,275.91,274.59,272.81,271.41,270,268.59,267,265.19,263.31,261.41,259.5,257.59,255.91,254.5,253.41,253,253.31,254.09,255.59,257.41,258,258,257.09,255.69,253.69,250.69,247.31,244.19,241.59,239.59,237.41,235.31,233.5,232.09,231.09,230.59,230.19,230.09,230.09,229.91,229.91,230.09,229.91,229.5,229.19,228.31,226.91,226.41,225.09,224.5,224.09,223.69,223.19,222.59,222,221.19,220.41,220,221.41,0,200.19,211.69,218.09,225.81,232.09,236.91,249.59,0
263.31,265.59,267.91,270,271.81,273.31,274.59,275.81,276.69,277.31,277.5,277.5,277.5,278.81,278.59,277.81,277.31,276.59,274.69,272.69,271.09,269.69,268.19,266.59,265.09,263.59,262,260.59,259.19,258,257.59,257.69,258.19,259,259.81,259.91,259.09,257.81,256,253.5,250.41,247.31,244.5,241.81,239.19,237,234.91,233.09,232.09,231.19,230.81,230.91,231,230.91,230.59,230.31,229.81,229.19,228.91,227.91,227.09,226.19,225.41,224.91,224.41,224,223.5,223,222.31,221.5,220.59,219.81,220.19,218.5,223.09,238.59,227.31,224.31,230.5,246.5,264.5,259.31
262.41,264.5,266.69,269.09,271.09,272.91,274.41,275.69,277.09,278.09,278.81,279.31,279.81,280,280.31,281.19,280.59,279.91,279.09,277.91,276.31,274.09,272.69,271.5,270.31,269.09,267.91,266.69,265.19,263.91,263.09,262.81,262.91,263,263.09,263.19,262.69,261.5,259.81,257.41,254.5,251.09,248.09,245.41,242.59,240,237.09,235,233.5,232.19,231.69,231.5,231.19,231.09,230.81,230.91,231.09,230.5,228.91,228,227.41,226.69,226.09,225.5,225,224.59,224.09,223.59,223,222.31,221.41,220.5,219.91,220.09,224.81,0,0,231,257.69,0,0,0
261.91,263.91,266,268.19,270.41,272.41,274.19,275.91,277.5,278.91,280.09,281.31,282.19,282.59,282.41,282.5,283.5,283.31,282.59,281.69,280.81,279.31,277.59,276.09,274.91,274.09,273.19,272.19,271,270,269,268.31,267.81,267.69,267.59,267.31,266.81,265.69,264.5,262.5,259.91,256.81,253.41,250.41,246.91,243.69,240.59,237.91,235.69,234.19,233.19,232.31,231.31,230.81,230.5,230.19,229.81,229.5,229.31,228.69,228.19,227.69,226.91,226.41,225.91,225.41,225,224.5,223.91,223.19,222.5,221.81,221.09,220.69,220.91,0,0,0,0,0,0,0
262,263.91,265.91,268,270,271.91,274,275.81,277.59,279.19,280.69,282.41,284.09,285.09,285.31,285.5,285.09,285.69,285.69,285.09,284.5,283.81,282.69,281.09,279.09,278.09,277.5,277.19,276.59,275.81,274.69,273.91,273.09,272.31,271.69,271.19,270.91,270.5,269.5,267.81,265.81,263.19,260,256.81,253.5,249.91,245.91,242.59,239.91,237.69,236,234.41,233.09,232.31,231.91,231.69,231,230.5,229.91,229.31,228.81,228.41,228,227.5,227,226.5,226.09,225.5,225,224.5,223.81,223.19,222.59,222.19,222.41,223.81,0,0,0,0,0,0
262.5,263.91,265.59,267.59,269.5,271.5,273.59,275.69,277.59,279.41,281.09,283.19,285,286.5,288.31,288.59,288.31,288.09,287.41,288,287.41,286.91,286.19,285.09,284.41,282.91,281.31,280.91,280.81,280.5,280,279.41,278.5,277.5,277,276.81,276.31,275.81,275,273.81,272.09,269.81,267.31,265,262,258.59,254.69,250.5,246.69,243.41,240.5,238.09,236.59,235.41,234.59,233.91,233.31,232.69,231.81,230.91,230.31,229.81,229.19,228.69,228.19,227.59,227.19,226.69,226.31,225.81,225.31,224.69,224.09,223.69,223.81,225.09,0,0,0,0,0,0
263.31,264.59,266,267.59,269.31,271.19,273.41,275.41,277.5,279.41,281.19,283.59,285.81,287.81,289.31,291,291.5,291.31,290.69,290.31,290.5,290.59,290,289.41,288.5,287.19,286.41,285.5,284.41,284.09,283.91,283.5,283,282.81,282.59,282.09,281.59,281.31,280.69,279.5,277.91,276.59,275,272.91,270.69,268,264.19,259.81,255.19,250.59,246.59,243.19,240.91,239.41,238.41,237.41,236.31,235.41,234.59,233.41,232.5,231.69,230.91,230.31,229.59,228.81,228.41,228,227.5,227.09,226.59,226.09,225.69,225.19,225.09,225.59,226.91,0,0,0,0,193.19
264.5,265.41,266.81,268.19,269.59,271.31,273.09,275.19,277.19,279.19,281.31,283.41,285.69,287.91,289.91,291.5,293.31,293.59,293.69,293.41,293,292.5,293.09,292.91,292.19,291.69,290.91,289.91,288.91,288.09,287.19,286.69,286.69,286.59,286.5,286.69,286.69,286.19,284.91,283.59,282.81,282,280.5,278.81,277.41,275.69,272.69,268.81,264.19,259,254.09,249.69,246.59,244.31,242.91,241.91,240.59,239.19,238.19,236.91,235.41,234.09,233,232,231,230.31,229.81,229.31,228.69,228.41,228,227.59,227,226.69,226.5,226.69,227.31,229,0,199.31,212.5,221.09
265.81,266.5,267.81,269.09,270.41,271.81,273.41,274.91,276.69,278.59,280.69,282.91,285.09,287.5,289.59,291.69,293.69,295.09,295.69,295.5,295,295.09,294.81,294.69,294.81,294.59,293.91,293.19,292.5,291.69,290.59,289.69,289,288.91,289.59,289.81,289.5,288.91,288.31,287.69,286.5,285.59,284.81,283.81,282.59,281.19,279,276.19,273.09,268.5,262.81,257.81,253.69,250.5,248.31,246.91,245.69,244.19,242.69,241.19,239,237.09,235.41,234.09,232.91,232.19,231.41,230.59,230.09,229.69,229.41,228.81,228.5,228.09,227.81,227.69,228,228.81,229.09,229.5,230.5,232.09
267.91,268.31,269,270.09,271.31,272.5,273.81,275,276.41,278,279.81,281.81,284,286.41,288.81,291,293.19,295.69,296.69,297,297,296.69,296.19,295.81,296.09,296.19,296.09,295.91,295.41,294.59,294,293,292.19,291.69,291.41,291.69,292,292,291.59,290.91,290.09,289.5,288.81,287.81,286.69,285.59,284.59,282.91,280.19,276.41,272.19,268,262.81,258.81,255.59,253.09,252,250.59,248.31,246,243.69,240.91,238.59,236.81,235.41,234.41,233.41,232.31,231.59,231.19,230.81,230.41,229.91,229.59,229.19,229,229.09,229.59,230.5,231.59,233.09,235.09
270.19,270.41,270.91,271.59,272.5,273.41,274.41,275.5,276.5,277.81,279.19,280.81,282.81,285,287.5,290,292.5,294.69,296.81,297.81,298.31,298.19,297.81,297.31,297.31,297.19,297.81,297.81,297.59,297.31,296.5,296,295.09,294.5,293.91,293.41,293.41,293.81,293.91,293.81,293.5,293,292.31,291.5,290.91,290.09,289.5,288.09,286,283.59,280.69,276.91,272.69,269,265.19,261.59,258.5,257,254.5,251.5,248.41,245.5,242.41,239.81,237.91,236.41,235.31,234,233.19,232.69,232.31,231.81,231.41,231,230.59,230.19,230.09,230.31,231.19,232.41,234.09,236.19
272.09,272.09,272.41,272.81,273.5,274.31,275.19,275.91,276.69,277.59,278.69,280.19,281.81,283.69,285.91,288.41,290.91,293.19,295.59,297.59,298.91,299.5,299.59,299.59,299.31,299.09,298.69,298.81,299,298.81,298.59,298.19,297.59,297.19,296.69,296.09,295.69,295.09,294.91,295.19,295.41,295,294.81,294.69,294.19,293.59,292.81,291.69,290.59,288.91,286.59,284.09,281.19,277.69,274.09,270,266.31,262.91,260.09,256.59,253.19,249.81,247,243.59,241.09,239,237.31,235.69,234.91,234.31,233.69,233.31,232.91,232.41,231.91,231.5,231.19,231.19,231.69,232.81,234.41,236.19
273.31,273.31,273.41,273.69,274.19,275,275.69,276.41,277.19,278,278.69,279.59,280.91,282.69,284.19,286.41,288.91,291.41,293.59,296.09,298.09,299.91,300.91,301.31,301.19,301.09,300.91,300.41,300.31,300.19,300.09,299.91,299.5,299.19,299,298.5,298,297.59,297.19,296.59,296.59,296.69,296.59,296.5,296.41,296.19,295.59,295.09,294.31,293.31,291.59,290,288,285.09,282.09,278.41,275,270.59,266,261.19,257.09,253.31,249.91,246.41,243.19,241,239,237.5,236.91,236.09,235.31,234.81,234.31,233.81,233.19,232.69,232.19,232.09,232.41,233.31,234.59,236.5
273.5,273.81,274.09,274.5,274.91,275.41,275.91,276.31,276.91,277.69,278.81,279.59,280.31,281.31,282.81,284.41,286.59,289.09,291.69,294.19,296.5,299,301,302,302.59,302.69,302.59,302.31,302.41,301.41,302,301.41,301.19,301.19,300.69,300.31,299.81,299.09,298.69,298.5,298.31,298.09,298.09,298,298.09,298.19,297.91,297.59,297.59,297,295.91,294.31,292.59,290.41,288.5,285.69,281.91,277.69,272.59,266.91,261.81,257.31,253.41,249,245.59,243,240.91,239.81,238.91,238,237.09,236.41,235.91,235.19,234.5,233.91,233.41,233.19,233.31,234,235.41,237.41
272.91,273.31,273.69,274.19,274.69,275.19,275.59,276,276.5,277.31,278.09,279.19,279.91,280.59,281.41,282.69,284.59,286.81,289.31,291.91,294.69,296.91,299.69,301.41,302.41,302.81,303.41,304,303.91,303.09,303.09,303.09,303.09,302.5,302.41,302.41,302,301.09,300.19,299.59,299.5,299.31,299.5,300.09,300,299.69,299.69,299.69,299.31,299,298.41,297.41,296.09,294.59,292.5,290.09,287.5,284.31,279.91,275.19,269.5,263.69,258.19,253.59,249.31,246,243.69,242.19,240.91,240.09,239.09,238.31,237.59,236.91,236.09,235.41,234.91,234.5,234.59,235.41,236.69,238.59
271.59,272.31,272.91,273.59,274.31,274.91,275.59,276.31,276.91,277.69,279.09,279.09,279.09,279.69,280.69,281.31,282.81,284.91,287.19,290,292.69,295.31,297.81,300.31,301.81,302.81,303.5,304.5,304.5,304.59,304.5,303.59,303.5,303.5,303.81,303.5,303.09,302.5,301.69,301.09,300.69,300.31,300.09,300.19,300.59,301.19,300.91,300.41,300.19,299.91,299.41,298.69,298.31,297,295.41,293.69,291.91,289.5,286.81,283.69,278.91,272.31,264.81,258.91,253.31,249.19,246.5,244.69,243.81,242.5,241.31,240.31,239.41,238.59,237.91,237.31,236.69,236.31,236.31,236.91,238.19,240
270.69,271.59,272.59,273.5,274.41,275.31,276.19,277,277.91,278.91,279.69,280.31,280.81,280.81,280.91,281.09,282,283.5,285.5,288,290.69,293.5,296,298.81,300.91,302.69,304.09,305,305.5,305.59,305.91,305.09,305.41,305.19,304.91,304.59,304.31,303.91,303.19,302.59,302.19,301.59,301.09,300.91,301.09,301.31,301.41,301.5,301,299.81,299.19,299.19,299.19,298.91,298.19,297.09,296.09,294.41,292.81,289.81,285.09,278.19,270.5,263.59,257.41,252.19,249.19,247.31,246.09,244.91,243.59,242.31,241.41,240.69,240.09,239.31,238.69,238.19,238,238.41,239.5,241
270.09,271.19,272.5,273.69,274.91,276,277,278.09,279.09,280.09,281,281.81,282.31,282.59,282.69,282.09,282.59,283.19,284.19,286,288.09,290.81,294.09,297.19,299.81,302.91,304.59,305.81,306.41,306.69,306.91,307,306.81,306.59,306.19,305.81,305.5,305.19,304.69,304.09,303.41,302.81,302.09,301.69,301.5,301.5,301.81,301.91,302.31,302,301,300.09,299,298.59,298,297.69,296.91,296.41,295.41,293.09,289.31,283.5,275.59,267.91,261.59,255.91,252.41,250.09,248.5,247.09,245.59,244.31,243.59,242.69,242.19,241.31,240.59,239.91,239.5,239.41,240.09,241.19
269.81,271,272.41,273.69,275.09,276.19,277.41,278.59,279.69,280.81,282,283.09,283.81,284.19,284.31,284.41,284.19,284,284,284.91,286.91,289.31,293.19,296.41,299.41,303.09,305.5,306.5,306.91,307.19,307.5,307.91,307.91,307.81,307.41,307,306.59,306.31,305.91,305.5,304.91,304.31,303.69,302.91,302.41,302.09,302.09,302.09,301.59,301.31,301.19,300.81,300.31,299.69,298.59,297.81,297.09,296,294.41,292.5,289.09,283.59,276.69,270.31,264.5,259.41,255.59,253.69,252.09,249.81,247.91,246.81,245.59,244.91,243.91,243.19,242.41,241.5,240.59,240.09,240.09,240.5
270.31,271.41,272.59,273.91,275.19,276.41,277.5,278.59,279.81,281.09,282.5,283.59,284.59,285.41,285.91,286.31,286,285.69,285.31,286.19,287.19,287.59,294.31,297.91,301.91,303.91,306.81,307.5,307.91,308,308,308.19,308.31,308.41,308.31,308,307.69,307.19,306.81,306.41,306.09,305.59,305.09,304.5,303.81,303.19,302.81,302.41,302,301.69,301.19,300.59,300.19,299.59,298.81,298.19,297.31,296.41,295.59,294,290.59,285,278.59,272.19,267.09,262.41,258.91,257.19,254.41,252.09,250.31,249,247.81,246.91,245.91,245.09,244.09,242.91,241.59,240.59,239.91,239.5
271.31,272.31,273.41,274.59,275.91,277.19,278.31,279.31,280.41,281.59,282.59,283.81,284.81,285.91,286.59,287.09,287.5,287.81,288.09,289.41,290.81,291.59,296.69,300.09,303.59,307.09,308.91,309.41,309.41,308.91,308.5,308.41,308.41,308.5,308.5,308.41,308.19,307.81,307.41,307,306.69,306.5,306.09,305.69,305.19,304.59,304,303.41,302.69,302.09,301.5,301.09,300.41,299.81,299.19,298.59,297.91,297.09,296.81,295.69,292.81,288.59,282,275.41,269.59,264.69,261.19,259,256.59,254.41,252.69,251.09,249.91,248.91,247.91,246.91,245.81,244.31,242.69,241,239.59,238.59
272.81,273.91,275,276,277.19,278.41,279.59,280.69,281.91,282.91,283.59,284.69,285.31,286.69,287.59,288,288.41,288.81,289.5,290.31,291.09,292.19,295.91,299,301.41,304.19,306.59,311.91,309.5,309,308.81,308.59,308.5,308.5,308.5,308.5,308.41,308.19,307.81,307.31,307,306.81,306.5,306.41,305.91,305.5,305,304.31,303.5,302.81,302,301.41,300.59,299.91,299.31,299.31,299.09,298.91,298.91,298.5,296.09,291.69,285.31,278.19,272.5,267.31,263.5,260.59,258.09,256.69,254.91,253.31,252.19,251.19,250,248.91,247.59,245.91,243.91,241.69,239.69,238
274.41,275.69,276.81,277.91,279,280.09,281.09,282.19,283.41,284.41,285.19,286,286.31,286.59,288.41,289.19,289.5,289.91,290.59,290.69,291.41,292.81,294.59,297.19,299.69,301.81,303.81,305.41,307.19,308.19,308.5,308.81,308.81,308.81,308.81,308.81,308.69,308.5,308.19,307.81,307.41,307.09,306.91,306.59,306.31,306,305.69,305,304.31,303.59,302.81,302,301.41,301.09,300.5,300.41,300.81,301.59,302.59,302.41,300,294.69,287.91,281,274.5,269.31,265.41,262.5,260.5,258.41,256.59,255.41,254.5,253.5,252.19,251.09,249.59,247.59,245.31,242.69,240,237.59
276.31,277.81,279.09,280.09,281,282,282.91,283.91,284.91,285.81,286.5,287.19,288.09,288.5,289.09,289.91,290.59,291.31,291.81,292.91,293.81,294.5,295.19,297,299.09,301.5,303.19,304.81,306.09,307.19,307.91,308.5,308.91,309,309.09,309.09,309.09,308.91,308.59,308.41,308.09,307.69,307.5,307.19,306.91,306.41,306.09,305.5,305.09,304.5,304,303.5,303,302.5,302.19,302.91,304,305.41,306.69,305.59,302.69,297.5,290.69,284.09,277.69,272.59,268.09,264.91,262.41,260.41,258.91,257.81,256.91,255.81,254.69,253.41,251.81,249.81,247.19,244.19,240.91,238
278.81,281.09,282,282.91,283.59,284.31,285,285.91,286.69,287.5,288.09,288.81,289.41,289.91,290.69,291.31,291.81,292.41,293,293.81,294.91,296,297.5,298.41,299.31,300.81,302.41,304,305.31,306.41,307.31,308,308.5,308.81,308.91,309.09,309.19,309.19,309.09,308.81,308.5,308.31,308.09,307.81,307.5,307.19,307,306.59,306.19,306,305.81,305.59,305,304.91,305.69,306.09,307.91,309.5,309.09,306.5,304.09,299,292.69,287.09,279.91,274,270,266.91,264.41,262.5,261.19,260.31,259.19,258.09,257.19,255.81,254.19,252,249.31,246.19,242.81,239.31
